0.826057 2.88032 3.50335
4.26327 5.86987 8.31066
0.217113 3.32652 0.123171
0.419769 4.31293 14.887
3.30911 4.10661 11.219
4.7866 0.298077 5.25175
4.75026 2.29433 15.7208
4.73107 0.456467 14.1553
2.74066 3.00016 4.39851
1.04567 5.63728 0.969029
3.1684 2.00353 7.90363
0.569803 0.463144 6.14627
5.73877 2.91672 0.801344
4.83688 0.787295 11.0153
3.95353 4.55559 14.2172
1.9237 3.22336 13.5357
5.28469 2.60868 7.48668
1.1199 3.58999 0.52886
3.13046 4.69928 14.2518
5.28801 1.33608 2.08684
1.72441 2.60176 11.3571
1.50664 1.99415 10.4329
4.27885 2.43492 2.36053
5.31022 5.99997 2.37042
2.56705 3.54756 7.81623
6.03568 1.25448 10.0683
4.08987 5.0433 7.62291
1.27641 5.66251 2.27234
2.57677 5.56187 2.59518
2.29433 0.848487 7.28492
2.84045 5.85092 3.44397
5.70803 5.4062 8.09529
5.13429 2.9029 10.1238
5.1791 4.40986 15.2706
1.81691 3.23065 6.62446
5.50483 4.58282 11.4503
4.43704 0.1199 8.3998
0.409418 3.07056 10.9128
5.75646 5.58932 2.22712
6.2132 2.80103 8.23455
2.76148 5.06576 3.3843
0.964636 3.87068 0.014064
4.56766 2.6233 10.889
5.25272 5.20429 1.3078
3.95371 1.34107 6.22117
5.95058 1.69067 4.54456
4.92267 1.77194 0.18106
6.17472 5.14788 6.3703
1.11081 0.990552 4.1147
0.638283 3.98603 12.7163
4.72847 3.97794 9.57147
2.00193 0.737504 8.41797
3.69257 4.41477 2.587
5.40222 3.49693 5.05612
3.31928 3.69339 6.89356
2.32502 2.80632 6.2053
0.491493 1.59463 10.8198
4.57566 5.93305 15.0426
2.89153 4.15331 9.69024
0.944474 2.15917 8.36492
0.0938896 4.03791 14.6856
6.09214 5.30017 7.29203
0.138686 4.43965 6.98622
4.72074 4.36887 12.0618
0.0267146 0.501878 14.4528
4.68915 0.0398258 8.29565
3.41646 1.35539 10.0298
4.45453 1.76021 5.95055
1.94786 0.651847 12.4141
0.347151 1.00652 4.75235
3.00061 3.26553 2.40498
5.23552 3.62843 5.2988
6.19763 0.0104086 0.469688
3.07501 4.64066 8.58027
0.769343 1.18237 9.82601
0.790858 5.9913 13.4096
1.62661 2.66483 14.3666
4.77668 2.83763 10.6481
1.31605 3.435 2.81559
2.71238 4.31696 13.3793
6.11261 0.504617 12.311
1.57098 4.83004 11.988
4.28086 0.228389 3.54668
4.09847 2.3328 3.73906
1.04202 1.00328 10.5919
5.96071 3.90017 0.287112
4.53335 0.337201 8.3068
0.410437 6.13669 5.2649
4.66776 1.07626 15.0356
1.60113 0.77777 2.56133
0.660561 2.31457 5.23564
3.62215 4.76178 11.1967
5.87332 2.27389 7.28116
1.50997 2.64751 4.63626
1.35891 3.31232 13.8183
4.46862 2.40412 7.3562
4.99481 0.0202767 10.635
1.17326 0.841766 15.1367
3.80569 2.18225 8.15453
5.23965 2.06885 10.1082
0.26012 4.81717 8.30885
1.38484 0.558874 11.3034
1.64397 2.37614 3.72172
2.94845 6.13706 0.54789
0.198692 3.71517 5.27326
3.3694 2.53449 15.4706
5.44799 0.931892 10.2324
5.85242 5.12075 9.1649
5.93617 0.975999 5.49781
0.60626 0.140704 13.71
4.23602 4.38633 3.07174
2.17207 0.883662 3.5465
3.68018 0.165413 12.1975
0.485597 5.81216 6.88714
5.22029 3.77828 8.30939
1.01371 3.60698 8.50284
4.18907 3.44606 10.6874
3.58954 2.77145 8.0364
0.198803 3.27856 0.560952
0.673094 3.46549 9.77777
4.84835 3.05636 11.1519
3.05741 4.46163 4.42635
1.75905 3.33147 3.76644
3.75215 5.77918 13.1388
1.44609 5.64899 10.4242
5.87768 5.39305 15.2389
0.772124 4.41152 1.72382
0.627156 2.16394 12.1219
2.07716 3.59959 3.23971
6.1189 3.08876 12.8786
1.00216 0.937299 6.08973
2.66356 4.09013 0.962279
5.63729 5.65965 2.73274
0.197216 3.27951 4.43517
3.68549 5.0987 15.0379
3.64154 5.53132 3.03278
4.51481 0.457618 14.065
0.564277 2.61748 10.7951
5.10593 4.83158 14.3444
3.05504 2.3706 11.0012
0.482441 2.99958 3.80831
6.12853 4.27793 5.7984
4.98807 0.461649 7.74197
3.13785 5.85826 2.33913
0.504422 2.56335 15.4106
1.24394 1.23281 9.21087
3.67804 2.31231 9.60212
0.934385 6.25112 6.44384
5.14663 2.35029 7.67646
4.05999 5.01794 5.72275
2.09945 0.909956 10.6697
1.97631 3.78213 14.7333
3.24382 1.65876 13.3384
3.98541 2.87653 2.49397
4.18231 4.99185 4.61847
2.01344 4.51629 3.71033
2.3447 0.46378 9.05892
2.65363 1.84031 5.72041
3.70155 2.90801 15.1112
0.317025 3.74242 13.8267
0.656758 5.23361 10.5375
0.118793 1.22258 8.36916
4.52031 5.25687 10.5582
4.03821 3.35902 5.17486
2.77809 1.73747 1.87581
5.25244 2.09079 8.5753
5.83971 1.52747 9.54757
1.55099 1.232 13.376
3.91396 4.21795 13.9405
0.726009 4.24569 7.27275
0.202652 5.36992 10.5828
0.376548 1.75522 2.82272
5.6347 3.73132 11.0549
3.57545 2.72868 3.25053
1.71094 1.53421 7.63123
6.03782 1.36533 12.5196
6.02914 3.60095 2.06469
3.15164 3.17177 1.89436
4.20072 2.42852 13.2975
0.77523 4.06991 13.5791
0.662932 2.26688 11.5073
3.64849 0.986929 2.70575
4.21609 5.56728 5.46957
4.39373 4.97365 4.51551
1.06735 0.459594 12.0027
1.03369 4.85571 6.94285
5.83614 1.67228 12.6845
1.34339 2.39034 14.8564
3.87202 2.23778 3.16641
4.96836 0.114618 1.83247
4.11107 2.40155 5.30067
5.74223 2.47087 13.3048
0.813946 5.9162 5.63297
3.59148 5.30158 13.0771
2.73416 2.19271 14.7059
4.67596 4.8759 9.79292
1.97574 0.790791 2.13269
0.791475 4.7133 7.34262
1.47376 4.29518 13.6678
0.754709 5.92953 0.964198
0.886606 1.42863 9.58711
0.337404 5.10128 0.509414
6.11965 4.21438 3.81148
3.70337 1.43035 7.16502
5.85927 3.22477 13.7522
3.82746 3.91875 10.3102
0.163282 1.30467 8.96519
0.757938 0.864854 8.68161
5.56785 2.27708 4.78738
5.73365 6.09348 12.766
2.81796 4.35786 7.49135
2.52176 2.93407 8.28153
5.6474 0.860322 11.0261
2.57027 0.196282 3.08235
1.72618 2.56617 11.5567
3.97485 0.00172919 5.5429
3.09106 2.00049 2.20803
2.42981 0.352526 12.2485
6.04086 6.2743 5.59652
1.24972 3.40894 3.22587
3.22641 3.81836 12.7752
0.921097 3.28937 9.14603
4.2623 5.30434 5.31316
4.67279 2.52948 8.88724
3.85907 3.85546 0.634612
2.15711 1.07635 6.78153
4.58674 2.29624 1.38569
2.62608 2.04265 9.02374
3.34008 0.378315 1.76212
3.45095 0.799049 0.949552
5.7649 5.39145 8.78884
5.31492 4.17209 15.5711
1.0007 1.77933 9.5673
0.394924 5.96219 4.5157
2.70558 1.2474 12.1471
4.2248 4.29153 2.69572
5.78348 0.0239797 2.85043
4.19676 3.24979 7.47148
0.588083 2.79536 10.4327
5.54116 1.28058 0.257193
0.685042 3.52392 3.92791
0.188653 5.56629 8.75842
3.05866 5.8819 8.7825
4.73096 1.08304 6.08682
6.073 1.89273 14.2472
1.57224 5.27241 11.3357
3.30516 0.57483 12.5141
1.93335 4.75161 10.3255
0.96858 2.85865 2.59885
2.56888 1.05055 15.7669
2.09482 2.22517 5.1544
4.02784 0.236648 1.25143
3.08425 1.58707 10.5378
0.0104521 0.633462 15.2882
1.03875 0.731256 15.3753
1.38405 1.59865 3.88817
3.44915 5.34836 8.92177
5.66454 4.7709 15.9726
2.35525 4.68188 12.261
4.02966 0.6435 13.8138
5.84652 1.82852 15.6064
5.2166 1.19083 12.2433
0.203088 2.35774 3.09036
3.74883 3.45072 12.4317
4.44874 5.54879 15.9146
3.13858 4.70017 11.0353
1.07531 1.77616 14.5736
2.50765 5.66766 8.77384
1.6526 1.48104 5.36969
2.84411 4.18941 13.1073
3.40248 4.68666 12.1392
2.55439 4.41032 10.5788
1.73575 1.89319 15.2687
5.66647 6.11823 6.55933
4.99912 3.7806 1.75883
0.458681 2.40763 6.25493
3.5112 4.38991 0.17829
2.43277 3.55253 4.29737
1.01498 5.07619 3.06674
4.07041 0.457528 6.06328
3.09764 1.35802 5.65002
5.6027 2.75786 15.7147
3.62129 0.899574 7.99736
0.518713 1.08598 5.99394
1.03422 1.54128 12.6585
1.57468 3.45283 8.24465
2.20974 2.58868 14.651
3.57101 2.51528 12.9017
0.272597 0.817022 15.5075
1.30127 5.21669 4.89699
6.18531 2.09041 1.31832
4.2808 1.28208 2.62298
1.24008 5.47507 1.45193
1.55132 3.2472 13.8879
3.74729 6.19666 13.1648
4.31079 3.94383 6.34648
2.63792 3.00032 13.018
1.8513 2.97873 6.86786
2.91413 4.13265 8.9969
4.19267 4.09748 4.47507
0.0325403 0.371758 3.43455
1.59299 4.63566 7.57105
5.79683 1.57411 10.9426
2.97623 3.18013 13.3611
6.11108 0.933859 6.34381
4.83948 2.85412 10.1811
4.65977 1.70901 2.88653
4.9468 0.485161 13.4579
5.93341 5.94065 6.03486
5.20427 1.43561 13.7829
5.99521 5.45741 12.0017
2.62163 2.53528 5.79292
1.28066 5.17208 15.4534
2.61775 4.55277 6.64161
3.7891 6.20106 0.0672343
0.817516 4.25679 3.78933
4.27507 0.916836 9.58048
0.462912 1.27461 11.7216
6.01759 4.65019 3.44715
5.26992 1.37296 4.33122
5.24911 3.91127 7.32372
4.55447 2.59261 1.63612
2.73665 1.52276 10.1095
3.42034 0.49575 0.772235
2.95367 2.12548 13.6608
1.74938 4.41692 13.926
1.14284 3.33424 11.6047
1.47785 1.49305 13.1568
5.45034 0.242783 7.80339
2.23099 1.03647 4.96524
0.944331 5.69412 9.46743
5.2082 1.32723 9.31387
0.973767 1.93126 5.89774
0.219618 0.409627 12.3295
1.90203 6.07435 11.1652
0.969825 3.55109 11.0238
2.88152 1.01609 0.199384
5.0585 3.53871 9.21044
4.57469 3.20798 7.5964
3.67494 4.5569 5.52302
0.20697 4.75755 6.54628
1.02071 0.217725 2.74767
5.94735 5.15018 5.32222
5.24402 2.77193 0.944733
4.04612 1.3118 11.0216
2.30488 0.776982 13.0117
3.39469 4.60253 8.79492
4.43883 4.52755 11.2848
2.40021 1.15776 4.86625
4.39748 3.07883 2.8678
1.46959 3.31389 5.42294
4.23656 3.74751 13.1349
0.325768 0.870959 13.697
0.139737 1.73067 1.5868
4.91206 5.00756 0.275644
3.93645 1.95928 5.12991
5.11373 4.62871 2.07604
1.9856 0.653733 14.141
3.86928 5.51516 6.03139
5.04784 4.06864 1.00909
3.71709 2.08045 4.01116
0.997607 4.48872 1.1517
1.16731 1.49375 3.0841
2.16281 1.99084 15.6823
4.15848 5.83351 12.5798
4.08978 1.13768 4.11498
0.152556 3.03778 15.4827
5.56085 5.45908 3.06949
1.41783 5.1367 8.69942
1.1496 5.61209 4.4716
2.20911 4.35347 0.690532
1.53247 3.58386 5.61753
1.81667 2.01427 10.5992
5.86506 4.99269 4.92041
2.02786 0.37167 3.12007
3.2397 3.41145 9.79783
6.1625 4.03943 3.0609
1.07816 5.83279 6.35818
1.23035 5.03232 13.1882
3.58543 0.529021 1.74634
4.67304 4.14289 8.10891
1.10394 1.68309 7.27407
6.02199 1.09394 8.25266
3.74678 4.66693 5.53425
6.04715 0.625172 1.67053
4.98782 2.38703 2.23739
0.608318 0.759901 11.4125
3.63974 3.69043 15.9253
0.40589 2.36047 3.81537
6.17249 0.842232 10.2667
4.11749 2.2049 14.0694
1.07756 3.03592 1.53612
0.772878 0.756424 2.14545
2.64759 1.61922 9.11885
1.17485 0.969495 9.60979
0.610188 2.1559 14.6724
5.84853 1.54147 12.8005
3.68482 5.09839 8.26306
4.13767 2.40811 3.11121
3.51443 4.4071 4.22374
0.737736 0.321388 0.756032
4.98617 1.7591 3.57102
3.1911 1.87921 1.76451
0.921049 5.16461 11.0014
1.42013 1.02389 11.184
0.517151 0.798568 3.74591
5.38633 2.31496 3.21739
4.33104 4.79556 0.210277
1.47956 1.15686 14.0271
0.340985 5.8839 14.1678
2.02167 1.10264 2.60341
6.19076 4.0443 15.0138
4.8841 2.78092 2.10436
2.14043 2.30045 11.6056
4.85563 5.43872 6.7271
4.11488 3.91828 7.57107
4.83425 1.65632 1.40671
3.55528 1.90117 2.26617
4.51935 4.72396 1.03253
4.34017 6.25525 9.30924
0.155555 2.92868 6.62691
1.33894 5.24445 2.96598
5.13365 2.93384 6.31112
2.04624 5.72001 8.17242
0.946559 5.91643 8.05084
3.07891 1.73151 14.4578
0.296329 5.66614 8.56018
1.92256 2.30174 15.3674
4.14175 3.66552 8.27132
2.33559 3.38172 0.709993
0.630712 3.64413 10.2673
5.12581 3.98297 2.68686
4.67129 4.20776 11.8356
5.85 0.383959 5.80612
1.10408 1.66198 9.02581
3.01912 4.39272 13.0141
0.0127783 0.443309 0.000100251
6.10716 3.74398 5.03698
5.0468 1.42938 4.26724
1.27056 4.05563 9.3887
2.69505 1.34152 15.2556
2.2208 0.838736 3.53022
0.859242 4.28608 11.5159
1.62965 6.26212 3.14642
0.980406 0.384593 9.90595
2.20977 2.2522 2.34309
3.27118 5.41959 15.2575
5.40125 5.69757 15.2044
5.66351 2.30825 0.2679
2.0567 3.66137 14.8814
5.47855 5.75558 13.6725
0.855532 0.903385 10.0433
5.44199 3.83669 8.44597
2.30579 3.45367 4.73777
3.62723 1.17521 12.3411
3.44447 0.162719 12.2168
3.04596 4.92593 0.467773
5.38897 4.58535 5.31907
1.50588 5.09938 1.62685
1.22242 1.45782 3.26548
0.414943 6.16174 8.43873
2.28987 1.73735 7.22841
3.11622 5.85845 7.1323
1.69777 0.943461 13.8615
5.88124 5.76882 0.560131
1.08146 1.78655 8.69945
0.0123828 0.198825 9.83704
0.948766 3.83539 6.11611
2.84414 4.5841 2.2761
0.673933 6.08181 2.11115
0.804076 5.60594 9.71089
0.243847 1.46241 2.67631
0.429014 3.04446 10.9321
0.887626 5.69838 3.68844
1.56218 1.37628 10.4473
1.41739 0.573696 0.126495
5.41208 4.34092 4.12259
5.94824 1.76647 3.18545
5.66379 3.83406 13.2452
0.123251 5.59122 10.2729
5.43787 0.591587 13.7804
3.25699 3.05042 0.0878305
1.04469 3.47641 15.6073
4.33424 4.33066 4.33837
2.64322 1.4715 6.74404
0.642065 2.70513 7.38293
3.97246 4.75941 6.7616
3.55572 2.71813 9.64895
2.98399 1.4532 8.23698
6.14698 2.6723 10.717
1.23691 4.91278 3.11587
0.913697 4.59009 7.80626
4.80274 0.176611 10.5101
0.689111 4.88722 7.10421
0.968007 3.73024 13.3591
3.78201 1.25326 7.80568
4.3971 2.56896 14.4095
1.09808 5.80203 8.94251
3.05389 3.34449 9.49596
0.993933 4.51243 6.51163
0.0691515 0.368464 15.6339
1.51218 2.27085 13.1316
1.97571 2.09616 10.3305
2.32122 0.962126 0.745615
3.81733 3.56547 6.66787
3.97672 4.37251 3.93126
5.22124 4.056 11.6722
2.10314 6.06065 9.4719
0.16833 3.47788 4.6432
3.12428 1.89776 0.117397
4.73082 2.69184 0.090313
2.84331 2.75769 10.7679
3.4665 2.5587 7.93054
1.85241 5.42298 5.34363
5.4404 0.691736 0.231884
5.46604 0.586563 14.5539
4.75931 5.33397 15.9273
2.17607 1.45111 8.78997
0.561062 1.24815 14.8758
3.10697 2.27764 12.0867
4.27389 2.78257 8.84481
4.52744 4.39343 12.555
5.39187 4.96179 7.38335
3.16971 3.21365 0.271583
2.72513 5.88353 12.4628
3.10434 0.504667 15.1204
4.44515 3.19713 1.26449
2.30591 2.33716 2.78406
0.602731 5.99762 6.22521
3.83705 1.23888 7.26571
2.30507 4.78738 1.56074
4.34595 1.38426 2.83016
5.09434 1.54581 9.08522
1.66258 2.80386 0.846668
5.7384 3.96074 15.6126
2.21971 5.32474 15.3778
5.38996 5.44968 0.10577
2.21951 3.93669 11.9052
1.61403 3.04754 2.28643
3.08821 1.85589 15.4879
3.59049 4.51465 12.4023
4.59434 2.58001 13.0125
3.29316 3.68701 11.7806
1.70459 4.65561 6.80803
5.30366 0.712517 10.953
1.80657 1.56475 10.5855
0.119425 3.02821 2.00061
2.54213 3.02839 5.33478
0.314617 2.51378 9.7491
2.69044 2.68052 1.58932
2.98941 3.57326 1.30263
2.38923 3.99471 3.10007
0.374629 3.71743 14.171
5.11982 4.99541 2.28705
1.35378 1.95076 9.73997
6.09487 5.56392 12.1717
1.38821 2.61726 1.66002
2.7609 4.90836 12.3966
0.295545 5.12473 8.98494
0.475863 1.68112 9.26374
4.02017 5.75133 12.1948
3.20125 6.00467 12.4737
5.99122 3.48106 14.5718
2.58647 2.85674 11.7348
4.97134 3.90143 8.80108
4.29785 4.7058 9.55827
5.18041 1.31289 14.4136
1.92048 2.05165 7.44464
0.884143 5.15039 4.43224
5.47129 4.95306 3.74775
3.57466 5.77967 15.6553
5.11633 5.42748 14.5711
3.95568 5.21631 9.0529
4.89898 3.30283 10.0756
0.397496 2.58626 10.6703
2.24975 3.19972 10.0253
5.96444 2.71255 0.771229
4.48133 0.843621 12.6108
2.83965 1.32772 7.30131
5.04654 1.02627 15.8858
2.44319 2.14568 3.33519
5.10771 2.73666 4.53832
2.28351 3.22097 5.42845
5.25835 3.36081 6.15932
0.524672 0.694691 4.28668
3.50291 5.65125 14.4151
1.50386 5.09844 13.3022
2.71083 4.64817 3.50077
3.69379 5.45019 10.9151
2.81025 1.12907 9.11125
2.75692 2.92102 6.8122
2.10597 5.74929 2.15127
0.917069 5.9839 6.13947
5.79626 4.58442 8.8563
5.43964 1.20958 13.8489
1.41421 5.76551 8.75089
1.76398 5.00071 4.67524
1.3808 5.85395 0.559984
3.35292 3.76071 7.40784
3.5057 4.85698 7.15503
3.56139 1.84651 0.944172
3.35996 5.26732 8.83327
1.68513 5.54775 13.2549
3.77536 5.54348 8.10796
1.74525 4.83948 2.82069
2.21474 4.38586 15.9237
3.7827 0.84203 6.18828
1.36097 6.21423 2.23949
5.1443 5.406 14.5313
2.04276 0.035533 2.80733
0.236845 4.20574 11.1716
6.22412 1.90492 13.7915
0.531668 2.93068 15.6488
3.12536 4.22667 6.42797
5.92825 0.463319 2.46043
4.89008 3.3595 3.80492
0.417406 3.14601 0.711626
2.8149 1.11651 9.80505
3.28456 4.19552 8.60314
4.43285 5.54648 14.4802
2.15827 5.75167 8.74901
6.24495 4.77342 4.79286
5.35007 1.33236 15.0291
5.9646 0.973535 10.4149
2.83037 4.55316 4.28701
2.97005 5.22592 15.1912
3.68254 3.69382 1.71322
4.30087 4.70456 13.7546
4.63341 1.7325 5.60589
0.142409 3.06009 5.21525
2.31596 3.6068 13.0285
2.57326 1.61062 10.5561
0.437496 2.99121 13.5853
2.25247 2.5655 9.53186
5.48229 0.390732 2.29276
5.01548 1.11847 9.69775
0.610016 0.351803 14.2481
4.45377 0.535383 12.0925
5.9525 2.3791 6.68093
2.6888 0.293418 7.21616
0.69705 4.83552 12.5612
3.2733 4.02919 9.18412
0.0245677 3.84808 14.5432
5.40103 2.97956 11.6628
0.0908655 0.63354 3.67879
0.539533 0.32414 2.96208
2.24551 2.14608 2.71534
6.15671 2.94808 3.58854
2.01394 4.78365 12.2432
3.39784 2.45876 15.8433
1.5602 3.56829 4.06524
3.97425 3.00042 2.7759
5.15863 4.42802 9.28594
0.895859 2.5073 15.2726
1.89056 2.19363 15.9284
3.79296 4.92259 10.8001
4.71121 1.54946 15.317
0.887078 3.23492 15.1633
3.83703 0.278828 12.9986
4.48437 3.04751 5.91802
1.68234 5.38178 2.75203
4.58866 6.21681 11.3451
6.22739 1.70233 4.20386
5.62094 0.651347 5.87507
5.25993 4.58981 15.4068
4.46493 3.81061 15.0259
1.72022 0.648434 9.17271
1.87502 0.792897 6.59475
0.967057 2.72685 4.59683
1.05851 3.2972 1.6082
1.22154 0.295366 11.2545
1.08949 4.85803 11.9524
2.34716 2.2494 1.64245
0.692951 2.39115 3.37954
1.81873 1.51058 8.20992
0.441139 3.43816 14.9579
5.68456 5.38181 4.79211
5.17107 3.81105 5.95568
1.39011 4.70144 13.2965
4.50171 0.0451011 1.37648
5.65547 3.79275 0.30348
2.89518 3.1281 14.9686
4.96642 0.438059 4.68609
5.61413 4.23836 5.53579
3.45216 1.03905 12.3752
2.20743 1.00867 10.0779
1.75306 6.22861 15.371
3.24313 5.12001 13.6645
2.21154 0.376698 7.17839
3.37843 3.64069 4.96078
2.48353 1.90753 6.66843
4.45012 5.30349 9.95466
3.59988 2.49606 15.2542
2.62389 4.98335 3.28663
1.65457 3.06472 15.8599
3.39132 4.69052 8.20075
1.53456 5.09417 6.1062
1.25958 5.84945 15.6703
3.03202 3.46846 10.4652
0.948741 5.52815 15.8654
3.29987 4.91344 1.5601
1.31184 1.54728 2.56656
5.95027 5.89969 11.238
0.207417 4.56498 6.96665
0.549822 5.99102 12.8195
6.1679 2.38515 14.528
6.25162 3.48727 3.54534
2.57757 6.25476 0.848826
1.41663 5.49352 12.8301
0.935782 3.05168 15.1548
2.52007 2.35562 6.31045
3.06501 3.7557 2.86807
5.05423 4.85007 6.28224
2.30849 0.889349 15.0736
3.92763 5.8192 1.39232
4.79978 3.88739 1.999
3.54529 2.0953 3.52351
1.48272 5.0214 10.6809
4.76214 1.30918 0.888386
1.49822 3.10845 12.512
2.71713 5.69355 14.5209
6.26696 2.9336 12.7901
0.219931 1.84118 11.9713
4.68624 4.41679 7.85219
3.21585 2.73535 5.00275
0.55128 3.84832 13.1993
1.29409 4.22897 5.84686
0.691759 0.496694 11.2495
2.29242 0.524466 14.8731
0.553137 1.87368 1.14815
6.14322 4.33923 11.0923
1.44361 2.67192 9.25979
3.84612 2.17224 6.29473
1.31762 4.52982 1.63852
4.61854 2.83756 13.9527
0.16311 5.76092 6.25948
3.38802 3.58731 8.56019
4.54257 3.49838 7.32069
1.67897 4.48125 3.98653
4.47932 5.07884 10.9943
0.601574 6.18375 10.4265
0.345432 6.0089 2.25015
2.73179 2.89831 5.36664
2.38901 5.36554 9.15588
2.42179 3.41254 0.871013
2.32556 5.50669 5.12151
0.325384 0.330634 6.29853
4.94713 2.80918 6.39554
1.95209 1.79407 13.4864
0.191567 0.531233 4.77366
6.21143 0.66843 9.45934
5.08025 5.40426 8.70514
4.21215 5.72811 13.1877
0.545089 3.02323 2.88132
5.46563 0.528885 13.5604
4.63339 5.38286 0.912271
4.62161 5.08587 8.90839
0.836395 3.66889 3.96856
4.75053 0.778948 15.6122
4.73684 4.93415 1.14842
4.26625 1.45171 7.19405
4.78673 1.34759 11.3419
2.19359 0.207017 12.5146
4.62307 1.27141 8.32995
3.5173 0.714723 13.9638
1.93384 1.29473 10.4814
1.74919 5.14678 12.3116
2.4752 4.06621 1.75211
3.01145 5.16381 15.4774
2.93414 0.362395 0.0249537
3.57494 4.38747 1.8167
2.72179 2.24358 14.9545
0.118605 5.26216 0.185605
1.01013 0.910377 10.9138
4.54429 1.97153 15.6322
0.40727 4.19613 9.1784
1.28542 6.0717 13.7632
2.95107 5.55855 6.81045
0.282422 3.23276 12.585
1.53145 1.00433 15.7421
1.40552 2.10753 8.32958
3.23411 4.78958 2.79525
3.88634 5.14453 14.095
4.48728 4.56964 8.40514
6.03253 0.492218 7.87648
5.52018 4.44817 8.20049
2.27332 5.89763 13.183
5.35366 3.67636 11.0702
3.55488 4.34446 7.61896
0.0973365 1.1402 2.54632
2.5832 1.60033 7.91446
5.93152 3.62389 13.0707
3.40509 0.667592 4.09185
0.358573 5.11586 15.245
3.08239 4.63549 8.97711
3.77107 1.28321 6.32538
5.47163 4.87415 10.2505
3.29677 4.62426 6.167
3.44577 5.43437 9.29172
1.04355 3.8926 11.6127
1.25888 4.49088 12.4182
1.65553 1.94669 9.72254
0.506056 4.24893 11.225
5.51622 6.1456 14.9344
0.537497 0.287423 7.11592
6.00408 1.77707 3.33018
1.37864 5.58828 9.88476
2.54603 0.473827 11.7962
3.61284 0.26607 5.51584
3.41318 5.86192 14.7927
5.81346 4.49284 0.970519
0.240816 2.30953 15.5957
3.91469 3.99829 15.5865
1.42571 1.202 3.48379
0.881284 4.86513 3.69239
1.5223 3.94896 3.75736
2.63872 3.26987 10.7027
5.00931 5.42517 9.43348
2.45308 1.97447 7.86614
0.995472 6.02664 7.83169
0.786152 4.47782 4.8242
0.487582 3.40072 14.6278
1.78465 3.98082 10.3839
2.6808 1.39115 14.2264
4.85098 2.40675 3.40187
4.33443 4.48678 11.6534
4.02977 3.9596 5.38266
2.80713 2.43109 6.51476
5.43877 6.2354 14.0259
0.16852 4.83547 5.17576
5.79911 2.89028 15.2259
2.08482 1.96216 13.3572
2.7338 2.50105 7.48111
3.12866 5.5165 3.7422
2.36426 1.17787 3.6736
4.35375 4.97221 8.3921
1.7453 6.18223 2.58416
4.57413 3.96152 13.1722
4.60865 1.1722 3.60303
3.1064 3.38928 15.2878
3.19932 0.489926 3.16381
5.54691 5.36672 12.1312
0.542729 0.446411 5.00163
0.958766 1.36053 13.1759
0.0455348 2.03379 13.4875
1.39357 4.81212 13.2755
3.89881 1.82545 1.54888
4.89874 3.75723 7.49067
4.90465 3.93167 9.87339
0.259519 3.78379 12.257
1.57288 0.707296 4.67305
0.26511 2.58247 7.79257
5.30547 3.72523 4.35988
1.37257 6.06043 0.706696
5.11558 3.74316 13.631
3.08926 5.78817 5.76342
3.65707 6.1115 1.10531
1.90286 1.37853 3.70092
5.71977 1.00592 6.26471
4.67513 1.73134 10.3924
2.67589 0.715751 0.0703715
1.05616 6.1863 12.0626
0.632389 0.423096 0.281119
5.88704 4.43977 1.84781
2.61914 5.55904 15.1207
2.61495 0.182447 2.88027
2.62529 5.87825 1.67229
2.58503 1.14833 12.1707
5.88398 1.35008 10.3358
0.366004 5.40363 12.3621
4.13929 4.3907 15.1748
4.26775 0.473962 11.2864
6.23751 1.06158 13.5976
2.38523 5.45047 1.34903
4.10672 0.835108 1.59874
4.06758 4.33499 11.9914
2.5618 5.68482 14.3272
3.86947 2.74679 14.9354
2.89772 0.87208 14.6611
0.483152 4.22163 14.6084
5.13727 4.36202 2.23769
4.33794 0.366246 14.5139
5.16517 4.54656 8.61852
0.499688 2.6281 8.43136
0.781707 0.254169 14.0037
0.450065 5.23951 4.86878
5.21703 0.781361 3.54579
4.77555 2.16138 9.50185
0.794142 4.14623 6.79007
2.64487 4.85596 0.911302
3.54872 0.560722 7.41258
6.10218 0.523564 13.8779
2.3344 4.10511 5.09702
3.2009 4.19159 6.34925
5.11515 5.724 5.34786
3.7811 2.02165 2.94887
1.52295 3.93432 4.30598
0.554727 3.80635 15.4861
2.84874 3.56374 1.50884
0.358259 4.77773 4.27271
4.88309 3.3245 7.98611
3.72272 4.47648 1.1164
1.31409 6.21283 3.83536
3.34356 0.103587 15.2254
5.63879 6.22381 10.4223
0.389557 1.48344 3.16766
0.128885 2.21134 7.60449
5.48447 4.44371 13.7569
3.0423 2.9351 12.4622
1.4986 1.83419 14.4007
5.6096 4.92719 15.5848
1.47982 5.71972 2.52271
0.00641635 1.53738 6.11687
2.01811 1.1622 1.52352
0.858486 6.14722 15.384
4.1426 0.972895 3.02631
0.546428 1.08808 7.68721
3.73023 3.63396 5.06731
4.20546 0.3449 13.8478
2.67487 5.13541 11.9992
5.48352 1.21105 9.04292
3.59512 5.94714 11.7957
4.62303 1.40712 0.760005
4.33515 5.40867 8.15464
4.67391 0.463527 12.2326
4.51796 4.57105 4.78226
6.10694 5.52067 15.912
1.82828 3.05526 7.19284
4.74059 0.424639 1.03337
4.45554 2.63851 15.4456
3.39099 4.49343 10.2399
0.781853 4.34685 0.215693
3.95091 2.04929 9.24235
3.49849 2.86344 5.67972
5.22125 5.39912 10.4274
3.07945 1.03376 1.67668
4.24454 4.2791 4.47034
1.06325 3.12873 1.10295
0.750778 4.36832 11.0067
1.92795 2.44042 15.0269
3.92347 3.29149 0.991007
1.90123 4.08943 10.8959
5.08583 5.47649 2.98873
2.61809 4.32535 5.01973
2.13069 0.0486111 13.9093
4.2468 6.02114 14.846
2.05825 1.79042 11.6945
3.90101 4.60371 15.2512
1.80537 5.29338 13.0411
3.71209 2.90977 9.38242
0.703167 4.2701 15.9218
6.27976 1.03489 0.235453
5.95272 5.11558 13.4902
4.06978 6.0984 14.1499
3.90417 1.5553 5.83541
1.09105 2.42505 9.21271
1.41238 1.45762 15.2786
3.55274 0.929375 7.81407
5.21781 4.36947 12.2842
0.220235 3.22262 6.39163
4.11419 5.07816 6.41491
0.391624 3.04971 3.94682
3.76218 2.11349 4.14396
3.17669 2.61372 6.98498
5.1276 4.81453 6.32774
2.87315 5.9077 6.43076
3.42066 3.21265 7.33871
0.115543 5.04786 9.38103
6.07576 0.0610052 2.60811
3.23525 1.05601 10.75
2.28186 4.79069 0.759868
3.29689 3.68121 3.20072
0.685696 1.115 12.1685
5.90884 5.66848 15.2399
4.28371 0.284587 4.00029
2.20957 5.52916 14.2248
0.230256 3.59016 5.69535
1.61113 2.74318 5.75271
1.08945 0.816507 8.51853
1.09699 0.372003 7.18378
2.45183 2.88404 8.89646
0.0766995 4.34657 7.18512
5.55609 4.7286 6.68369
5.57856 2.98186 8.20428
5.96726 5.3237 8.82578
0.770004 1.30939 15.9123
4.67489 2.99647 9.92788
2.07333 2.06025 8.13405
2.19664 2.32449 2.59126
4.45426 1.56887 13.6015
0.756866 3.40055 6.58945
4.42057 5.33889 5.05902
2.11633 4.17187 6.7168
3.00443 5.86468 1.19045
4.47804 0.148436 8.32115
1.60717 3.94634 5.40092
3.89109 0.63401 12.8654
5.78482 1.50759 13.153
1.46056 0.331819 5.55109
1.52175 4.86731 14.1936
6.0161 0.448838 15.1375
6.05798 3.12379 11.3406
5.69563 0.00133435 8.14223
5.82373 0.666238 13.7684
6.00482 0.0993952 15.0862
2.70616 3.85017 8.18239
1.30433 5.01531 13.7417
2.11778 6.01329 1.69162
3.95906 2.03017 4.75272
4.6937 5.35462 7.79681
5.74128 5.65454 9.54714
4.42605 3.24719 11.7918
3.04359 6.01361 4.09865
5.39927 0.725764 9.6534
0.246664 3.79854 10.7907
2.82545 5.46996 6.44549
0.581513 6.01521 15.9311
6.06763 3.16474 14.3141
1.07306 4.84844 11.699
5.17808 3.03946 5.22167
5.93643 0.820414 15.872
1.26841 3.11557 1.54934
3.77716 4.9345 1.60856
1.8049 1.83281 2.25637
2.71716 3.20204 2.32358
3.65371 6.16453 9.01172
2.81865 1.40952 9.01442
1.15497 4.97518 1.00598
2.58896 5.35469 3.53568
6.15668 3.4154 4.77548
3.15585 5.76985 2.32488
2.39213 4.64402 14.5728
1.18551 3.86833 7.94444
4.04302 5.65483 14.0152
3.73906 0.704808 15.1457
1.40584 6.11764 15.9255
3.60449 5.84271 6.07416
5.70381 2.95546 0.775562
1.87657 0.983262 12.4494
4.34598 0.17711 6.03956
2.28039 5.49422 12.7494
3.22378 2.67068 3.2694
2.98544 3.00545 13.0675
0.611423 1.23453 5.46546
0.782996 0.500907 6.55904
3.59267 1.93521 13.8143
6.15511 0.851758 15.4039
3.03157 3.41665 4.54066
1.65696 3.96293 10.1944
1.2004 3.09254 10.3269
4.01273 2.4039 14.7242
1.99522 4.66701 3.53291
5.37085 1.9633 14.9435
2.29549 5.44622 7.64458
2.61638 1.98476 0.788058
4.65807 4.05957 3.88583
0.979908 1.91119 13.0835
2.90324 6.09116 14.6819
5.7009 5.61822 12.7613
2.8368 5.15625 7.02171
1.32126 6.09316 15.5076
3.52271 5.94158 6.05069
5.3864 2.85328 12.9598
3.00725 4.10431 13.0985
2.29227 2.21202 9.49822
5.65255 1.22316 8.80071
0.854431 4.93873 0.431608
2.23087 1.25817 15.5955
4.12071 0.238371 10.6812
2.58835 1.26598 4.19377
1.96598 0.268657 4.72107
4.81505 1.32559 3.43481
3.43495 3.2379 12.9564
0.417063 5.02338 10.4786
6.19825 0.951864 13.2136
1.65827 4.02719 10.6437
1.36091 4.39804 12.6856
3.46436 5.95068 0.178992
3.87018 1.47652 13.5161
4.02331 1.16337 13.2095
4.07901 1.48876 6.30612
4.36576 2.95346 13.7952
0.278971 3.30968 1.79765
2.43674 2.20519 9.58803
5.16319 4.82892 15.3692
1.36416 5.03583 8.13641
2.99512 2.05633 3.86416
2.45121e-005 4.27843 13.8249
3.35891 5.79595 8.48875
1.67957 5.13706 7.62753
3.35286 2.12564 3.45036
5.33257 1.53196 12.8426
0.50713 3.17873 14.3203
3.68961 6.21157 10.1452
4.51563 2.39874 5.21211
3.13911 2.74319 13.2062
3.41659 5.21153 0.842403
4.46356 2.60888 7.25033
0.0411353 3.85503 3.81596
1.65558 3.33855 7.18961
5.36334 3.92321 15.0071
2.01456 2.90433 2.06053
5.65745 5.62632 12.3751
5.42227 2.40958 4.049
3.46216 5.78477 2.91647
0.562832 4.7655 14.9967
0.328483 5.13749 7.93518
2.3345 5.47894 0.32682
2.62282 1.0819 14.943
1.30602 4.55495 4.82402
4.83037 2.89353 3.07507
5.99455 4.34069 8.73024
1.36569 5.40435 9.03364
1.02576 2.88952 2.57479
5.82662 5.32265 11.6631
3.53132 4.10823 6.24472
4.4617 4.00085 9.94935
5.28125 3.97096 3.62397
2.68284 3.09079 9.40807
2.68848 3.88048 15.9946
1.56072 2.75186 9.57338
5.40161 2.12095 8.0929
5.02886 1.57265 7.59687
1.44247 5.56961 0.82594
6.08795 3.26709 12.9681
3.8796 0.891424 0.42546
5.47413 5.18624 0.230175
2.45066 1.37778 2.34009
1.02628 4.18469 13.8418
2.31516 1.56511 12.4466
0.948973 4.44532 0.940182
1.29608 4.40042 2.60514
3.17268 1.69719 13.2349
0.412688 0.891718 5.00461
5.42548 2.92455 12.2215
4.01015 4.94946 4.16767
5.30561 0.164153 13.3807
3.48754 5.64875 0.686516
5.33839 1.97802 7.58125
3.08617 0.69746 2.56383
2.68825 1.7082 15.2698
0.562158 5.15042 3.2416
5.00542 3.81114 1.23514
1.18759 0.505384 10.0878
5.61502 5.80217 13.8067
2.4331 5.14754 2.29006
0.487563 4.7224 3.56152
4.37754 2.07628 1.47202
1.99345 1.48578 0.728268
3.55224 0.801696 5.78303
2.13597 3.67826 14.0533
3.96521 4.14882 15.0919
2.3476 2.5829 2.59822
2.541 3.40627 4.29526
6.14729 1.43356 10.5927
4.51471 0.918202 2.12217
1.28612 2.5252 9.22026
5.88027 2.72296 1.01569
0.386752 4.75606 7.93879
1.50501 0.251799 14.3059
0.546284 4.71142 11.0562
3.29276 6.1248 5.05609
1.34538 4.3634 9.93405
5.06195 1.98431 3.32222
1.35052 1.59998 13.9018
5.74912 4.77789 4.64089
1.20706 4.3152 9.53053
5.77499 3.52446 9.59815
1.21549 0.324336 7.73023
6.13112 2.53861 13.916
1.48912 5.83761 15.9576
0.225013 6.09498 3.98058
3.08728 4.92584 3.60923
2.69356 2.82551 1.9213
1.52533 5.5364 11.2268
2.99754 5.43568 10.7677
4.50938 1.93763 3.5883
6.13649 4.80105 10.5027
0.93326 0.703592 5.98817
2.19054 0.818588 5.55261
5.47529 3.84658 1.50124
0.705068 6.06079 8.35054
5.76001 0.281095 3.08259
1.20134 2.76912 1.06991
0.54306 0.953496 10.402
4.34365 0.683736 0.362477
2.91973 1.6283 10.3622
0.449166 1.42894 4.89653
2.00243 3.65316 0.407934
1.66332 3.07297 13.501
5.96344 5.06089 3.02198
0.376187 1.43179 4.5422
5.39874 4.49949 3.524
3.79072 2.33466 15.3087
0.777525 1.51432 8.87886
5.25683 0.207468 13.3528
3.20867 1.76061 13.143
1.20886 3.39642 3.08741
2.51092 2.78062 9.2159
0.917507 3.58169 12.8896
4.57685 1.31727 7.87258
2.69313 2.63051 8.45355
3.76177 1.12387 13.7958
5.99752 5.49001 0.9004
3.48082 3.62356 8.459
3.57363 2.36661 7.32832
5.67619 3.1041 15.7773
5.90232 5.84011 13.5696
5.74844 1.62951 11.246
0.82586 0.688026 1.50545
2.39263 4.03954 7.60915
5.83771 2.20624 10.9685
4.05914 5.97222 0.556205
1.43546 4.31918 13.0813
1.09549 1.08887 9.35542
0.866774 4.69277 15.8783
2.55192 6.01733 1.61539
3.6449 4.75695 2.79036
4.01532 3.21151 12.842
1.09453 0.362856 14.5609
4.92916 1.61934 11.6066
4.72372 4.16939 1.90368
5.91986 6.20082 9.8075
6.19093 4.40688 13.7799
0.998283 1.49794 0.0622222
5.96664 4.84587 8.73153
3.51972 0.526804 7.24603
6.06348 6.25994 1.00253
1.98503 5.07943 7.83631
0.00253459 2.71132 3.87745
1.92152 3.9401 0.428317
3.50423 2.13292 12.0251
1.07986 3.16576 10.3241
5.7695 4.45949 10.2881
5.72747 1.78952 7.09313
1.058 0.60529 5.32306
6.17994 3.57519 4.93551
2.27637 3.09922 10.8058
1.61162 0.758273 10.5069
1.97174 0.523329 3.69222
2.96672 0.0920051 12.7755
4.28631 5.35882 7.76643
4.96348 4.30031 10.8534
6.14592 5.47086 1.39669
1.94063 1.61678 9.33132
0.86525 0.636955 13.1394
2.14541 1.17782 10.5224
2.19797 4.32552 3.30235
6.21625 3.59818 15.8871
5.75507 0.247663 4.11468
5.25968 3.09427 13.8738
1.91102 2.45166 4.86707
5.05307 2.10738 15.009
5.78984 1.68743 15.7525
2.07361 2.38893 8.95729
1.02529 4.0372 6.83183
6.10639 0.816933 7.28062
2.94504 3.22901 2.49965
4.57809 4.03841 15.8672
5.83594 3.78491 13.3798
0.499312 4.87575 6.99183
0.478001 5.57966 15.4956
1.79629 4.51618 8.74564
3.04246 0.876457 13.0215
4.81634 0.250836 14.5523
3.29313 2.67686 12.2919
0.527629 5.23466 13.041
3.84979 5.84014 15.8399
0.562024 1.66869 6.79012
4.05125 5.90117 9.85951
4.46344 0.468111 3.0223
5.31809 4.91452 7.98563
4.28677 5.26429 12.0981
3.89993 3.15213 4.51432
5.5061 1.60742 12.8191
5.32051 4.07185 2.38519
0.000581547 0.820804 15.9974
0.625676 4.72919 12.2889
1.36537 0.93062 4.78796
5.6024 3.23245 5.89873
2.02899 1.03259 15.0483
3.55683 4.71605 15.7289
6.09879 5.11744 11.3506
5.52714 2.22794 9.68683
2.50206 3.25162 10.3955
0.46403 1.80803 8.31631
0.404642 2.76911 2.66898
1.12715 3.18024 0.577489
0.2771 2.46039 8.87253
5.6604 6.00987 10.5609
6.1231 3.27977 5.30654
0.155091 2.41541 10.5844
1.73937 1.07893 0.557309
5.7749 6.03203 8.99683
1.26737 4.71247 7.51569
3.88414 2.29536 9.87596
1.80239 4.37979 0.248208
3.53888 3.90793 2.91832
6.27075 1.46609 9.78307
0.0199085 3.50389 6.73381
0.076967 6.1529 0.179797
6.01208 1.40718 8.2511
6.16398 5.80308 4.93204
0.842056 1.09623 6.37923
5.46693 3.08663 9.24283
2.84387 4.90234 6.23071
1.43026 1.38699 7.9671
0.971297 5.28645 0.48657
2.56951 3.43353 14.1691
5.95865 3.90076 9.96794
4.80552 3.62617 8.56718
2.26254 2.29306 8.6833
3.12279 2.95508 12.6687
0.599046 4.48609 3.07903
0.101356 3.03328 10.7953
5.49043 3.66837 0.0436109
1.49702 3.66937 10.0661
3.1773 2.5197 14.3858
5.03307 4.68148 3.34483
1.74803 5.04275 2.85058
4.19503 1.09051 12.3321
5.93074 3.77534 1.92728
2.15772 3.57738 10.3682
2.44999 1.27924 0.158005
2.80662 0.864236 0.853077
3.69001 0.0974783 7.18253
0.653383 4.66154 6.47922
4.72996 2.79077 15.6591
6.14998 5.1952 4.58243
5.42945 5.79473 9.45684
3.03508 1.39888 11.5373
0.72433 4.25855 8.78075
4.19177 4.61364 0.00921857
1.12486 6.11439 5.20651
3.75998 4.90704 12.7919
5.86594 5.84299 14.9601
3.97595 0.815852 5.65089
5.45602 1.98684 5.0839
3.67826 4.10054 14.3209
4.19897 0.476866 8.62291
1.01235 5.98 9.46173
0.543637 3.78002 2.14208
4.35232 3.34553 0.00347715
1.00213 1.14276 6.02276
2.81283 2.7366 8.69086
4.18056 6.03777 11.4034
0.0306524 0.488382 15.8455
3.47149 2.2861 13.5306
4.87535 3.13177 9.60637
4.69839 0.604594 4.614
0.971916 1.324 4.44924
2.87229 3.16387 14.7639
1.53486 3.75738 2.07055
5.13004 2.49635 15.0876
4.2648 2.50199 9.66261
5.93399 0.0547704 15.9178
2.39363 3.2614 5.36392
2.48033 5.51401 1.56517
1.08823 4.9219 3.36283
4.07817 0.0346064 2.62735
5.188 0.085396 0.879256
4.25556 1.17442 9.91365
3.25933 1.7645 14.1025
1.19453 0.0553222 15.4354
2.59331 2.71011 2.8881
3.47019 5.42551 1.0002
4.88565 2.99976 11.8632
4.90373 5.99542 12.5778
1.61907 5.56354 6.37169
3.24149 5.99668 13.0682
0.742295 2.60797 10.3617
2.84132 3.46791 6.64683
1.65411 0.0110046 1.41229
4.26907 4.49603 8.95821
1.30727 5.28767 9.32979
4.23169 5.54442 9.92511
6.102 0.214424 9.87888
4.4885 3.77398 6.9917
4.48881 2.03115 6.64102
1.75649 2.18856 8.35449
4.51985 5.12883 9.53546
2.33944 0.990369 11.9877
3.2728 2.19262 8.16369
1.01231 1.81962 0.821321
3.74414 1.57148 3.61211
2.07561 6.20053 8.88953
5.1009 4.3103 9.84733
4.13035 2.74551 3.99749
3.0782 2.78353 0.249583
4.73879 0.145293 3.80453
1.34334 5.58275 1.08623
2.26391 3.20679 9.32831
4.75851 0.566394 14.2805
1.75192 1.27925 4.98135
2.27104 2.18502 10.0598
0.464072 2.1764 0.112637
5.59691 0.203179 5.77093
2.27614 5.28628 15.0593
0.766268 3.44093 4.45524
0.792937 3.22201 1.05961
3.82377 2.28288 5.88022
4.94107 6.05947 10.0357
1.42296 1.75467 4.29763
2.32771 4.23378 13.7451
3.58273 5.83239 7.1617
2.3521 4.48598 6.68541
0.587571 4.25555 11.6528
1.81523 5.59183 0.786566
1.07542 4.0283 12.8951
1.40609 0.505946 11.1064
4.61652 4.51721 12.2091
3.78603 4.88253 3.93443
2.45229 1.23778 0.490299
2.28401 3.43272 12.6625
0.738038 4.68627 0.431705
2.15625 3.19947 1.36064
3.08474 0.516621 8.8969
2.99603 3.52507 14.7775
2.14872 1.77577 10.9228
5.57302 5.37212 15.7262
0.304794 1.01466 12.8082
5.58873 6.0813 7.71925
5.45029 3.71887 4.10026
4.89586 2.9003 5.5532
2.91931 2.85066 11.7119
4.35218 3.90804 4.00512
0.248712 3.62998 14.1997
4.50607 1.75122 11.5802
5.30143 3.23241 10.1704
3.79888 6.01365 13.3194
3.19455 0.590008 2.67573
6.16154 0.32115 1.3882
3.98919 4.56708 2.74351
2.15567 2.99296 12.6693
6.19775 1.67205 11.3342
3.23184 6.15433 7.44084
3.82165 0.43898 13.5988
3.45738 4.48713 9.89235
1.76605 1.65975 7.12759
5.5416 5.39509 9.90253
2.26591 3.3366 3.49613
2.39546 6.10163 7.30134
2.64027 4.17392 6.28436
4.72954 1.09846 11.7384
4.50391 3.26536 10.4112
6.2032 6.21648 0.65627
0.434085 1.36321 1.88034
4.38079 5.31894 2.24946
3.74957 4.26321 13.8754
2.63422 1.31985 15.4437
5.49003 0.480912 8.20184
3.27364 0.225847 15.814
0.165682 2.14709 10.5051
6.24509 4.03862 0.817583
6.00589 0.128107 2.92827
1.40166 3.93605 13.477
5.96488 3.57745 6.84381
5.27705 5.53029 5.28002
4.99584 4.05646 15.8908
1.4813 0.183025 12.7728
1.98884 0.706698 9.70792
6.18409 5.84338 2.1105
4.51593 3.6798 13.6935
2.82607 0.923679 2.04223
4.52672 1.27056 0.510496
1.81996 2.27196 8.11576
4.8153 0.612485 2.81553
6.09871 5.69885 3.65031
3.51502 3.91172 11.3646
0.987722 3.66356 4.34458
5.52362 2.94838 12.0931
3.76426 1.09669 8.40967
1.58496 0.67919 6.13542
1.6015 0.165925 5.94174
2.65125 3.66898 3.96874
5.55071 5.09499 14.7685
0.105325 3.06637 4.36809
0.848554 2.05218 4.19643
3.21716 2.56505 9.08854
5.2167 4.35761 11.6656
0.513272 1.21954 7.21659
4.43811 1.76693 2.43309
5.84193 3.28854 13.6785
2.55971 0.260127 10.7465
4.20954 4.82247 11.1585
2.03845 1.68887 8.26429
0.487678 1.97126 14.6807
6.11289 4.91996 0.199914
0.714246 5.62893 2.85819
6.21502 4.48675 8.12635
3.10585 3.03624 1.50772
0.36853 4.37323 12.1128
4.5583 2.07613 15.7775
3.91965 0.393354 2.92049
4.46094 2.41044 7.35297
1.08024 0.172794 4.08272
2.18397 1.08015 4.15428
0.171988 4.21165 14.1325
0.152912 5.47497 10.0538
1.88318 4.09648 2.72638
3.47086 1.28139 12.8789
3.75623 4.08363 15.9837
3.62622 5.25424 6.39442
4.83009 0.643218 15.7121
0.180739 5.32962 13.1791
2.09308 4.72343 14.2562
6.17157 3.63598 15.4341
2.8815 4.05431 6.73147
0.544202 1.96351 10.8368
6.21481 4.82841 4.93831
3.96232 2.94397 7.66164
5.25505 3.36301 10.8608
0.850351 5.96971 5.56335
6.20733 3.52851 9.2967
0.0117325 2.3229 8.51559
3.34876 4.4172 0.139766
4.11125 4.51978 2.73212
6.23108 5.78141 7.14967
2.50841 1.87073 12.1619
4.67654 3.62891 13.1536
0.849382 0.0669375 8.5791
0.282199 5.04225 8.42768
6.02769 0.882204 11.5161
3.57885 0.360752 12.1839
0.329872 1.73845 11.7821
0.392799 5.2237 0.576286
4.81956 0.265869 12.066
0.572914 3.44208 12.0911
6.05795 3.07937 9.69217
3.86503 6.14743 5.88388
4.00334 2.38515 2.17568
3.31474 4.50026 6.1271
0.632102 4.7944 6.31163
3.97334 3.8354 7.3724
6.01235 6.15981 8.47002
0.876973 0.441401 3.55895
2.2803 2.67986 7.37933
5.65964 1.07377 15.5163
3.44633 0.161983 14.4586
0.421703 2.29926 7.80747
0.992435 5.90154 3.31569
1.8499 5.5737 11.9915
6.06958 5.79842 3.3434
5.23295 6.10955 7.82074
0.52533 3.70475 13.6894
5.3881 0.954548 0.433582
2.32281 4.84158 15.9819
5.70038 5.62824 2.19619
2.28954 4.3239 2.16306
1.48204 4.79085 4.60602
5.53357 1.95704 6.39332
3.42713 4.45815 10.292
2.97288 3.80699 12.9968
6.08841 3.32539 6.48784
6.24695 3.02755 12.0749
2.8962 3.52177 3.02284
3.34612 3.86435 7.15441
0.687588 2.12775 3.44446
5.65356 3.16758 2.07489
1.38491 4.26823 15.4928
4.64469 5.44511 9.85514
3.19996 1.92114 2.43412
4.51386 0.199547 12.9836
1.73001 2.71526 9.23946
6.13963 0.859192 0.273199
6.1261 2.74183 15.8046
4.03169 3.29374 9.11349
2.13407 5.44384 11.0914
0.430281 4.17971 14.7115
0.111253 3.29523 9.03582
1.61006 4.15266 14.0233
0.202516 2.31488 4.24574
2.85868 0.468645 0.154969
1.2308 4.56806 3.21389
4.13433 2.68686 5.75832
2.79609 1.54102 13.3136
4.15677 2.69849 2.96361
0.230029 0.716171 14.916
3.28403 4.19806 2.9249
6.23166 0.280761 12.0524
3.87857 5.49338 12.9645
1.01513 1.04247 6.31925
2.13472 3.18992 15.0518
4.32656 3.56985 3.84105
4.11907 5.01509 15.477
1.9897 3.46468 7.57899
1.82784 4.86165 8.40434
4.30965 1.93744 13.6355
1.01083 3.60026 4.74453
0.912791 2.02577 1.69162
3.32395 3.36417 5.05675
4.11645 4.0953 7.2436
3.44511 2.56732 11.9363
4.60168 4.31788 3.87609
3.13535 2.63698 3.16634
4.29865 4.38935 8.34537
4.67565 3.28071 4.30438
3.19469 0.305856 4.15977
1.99921 2.85902 2.72769
4.48118 2.13946 8.62089
0.682699 4.58942 15.7539
4.58167 1.47418 6.06356
3.09537 2.93238 15.7962
2.14919 0.427333 2.78786
5.81127 4.91608 0.65533
2.47979 5.94323 2.00134
0.0433507 2.55958 5.64297
4.39872 0.650333 6.0673
0.813974 3.48028 10.7345
0.271693 2.92204 5.81069
2.60787 0.984243 13.0198
1.83556 4.38133 12.1296
4.69828 5.66909 10.6495
0.918092 4.42646 12.2319
3.22806 0.605176 12.8939
4.23318 3.57697 0.832373
3.90088 6.08265 11.8936
4.87196 6.1303 8.71493
4.60129 1.85159 12.8745
5.1872 1.84986 7.34558
0.556461 2.06657 12.7514
3.77384 0.198785 1.40303
0.180605 0.156494 13.488
0.158458 5.74401 10.1435
2.61764 4.76564 15.6491
3.55626 3.33205 1.16495
5.94905 2.32717 6.05042
4.46872 5.32869 7.80594
0.287519 5.37379 15.8216
4.70448 5.97027 10.9638
1.73281 2.60837 10.3339
6.17928 4.42922 1.90739
4.22348 3.36526 11.8907
0.929602 2.61714 4.43806
1.22115 2.60213 8.15513
0.579723 6.11659 9.16274
5.77738 2.49986 2.3792
4.43258 3.00681 13.477
3.10581 2.01862 6.90594
1.53764 0.518919 4.77674
4.66396 1.96778 3.78157
1.71443 0.750882 0.30885
0.856691 5.53608 1.90239
1.39787 0.506155 11.298
4.68 2.82946 0.591134
0.193572 3.22978 13.7549
3.44697 1.35863 1.36542
3.89357 2.61589 4.76746
1.94727 1.61418 7.46841
2.62215 3.2531 12.2892
4.48718 3.79046 6.19993
1.81413 0.655083 14.5956
1.35754 0.557686 10.2911
5.89358 1.14387 8.74714
5.27414 3.71016 11.0258
3.30624 1.36949 1.83649
1.35161 3.02524 11.2661
3.68921 4.50277 1.99283
2.49795 4.06354 15.8775
2.17865 2.10507 1.69767
0.959567 3.19595 13.8027
6.25065 3.80889 5.26229
3.63898 0.818977 3.46778
3.8776 4.82963 14.5598
0.475004 0.0481946 2.01613
1.66925 3.59533 5.37657
2.70551 3.05191 14.9816
1.19285 2.19609 3.43821
2.70676 0.922399 1.46617
5.01501 1.24148 9.27026
1.05794 1.4647 4.1167
0.635151 2.32661 5.17346
5.97699 5.90712 11.1093
3.84556 2.91379 12.1981
3.23857 3.86576 11.3523
1.15062 4.60137 4.89877
5.07337 2.02996 2.57614
4.56485 0.860016 2.98601
1.05946 1.27687 9.03428
0.834226 1.06707 11.8075
4.4034 1.68839 9.82641
0.915722 1.41981 10.1881
5.96135 4.94732 3.55141
5.76634 4.35433 5.00652
3.34725 1.16545 4.43024
2.491 4.54974 1.04312
1.54713 4.15394 7.19295
4.94965 0.037274 13.6851
4.31439 0.728988 3.22774
0.503433 2.74765 8.65329
4.66769 3.89561 13.4139
0.413455 4.34799 1.34604
5.44971 2.51283 9.0831
0.089388 2.65424 0.0427333
1.70047 4.56308 3.32182
2.21103 6.21922 5.20364
3.25287 5.21231 6.912
5.42811 0.994906 2.12817
1.25825 2.5444 13.2711
5.49558 4.45023 1.3236
6.2551 6.04314 1.07599
5.35664 2.89422 7.55989
0.697271 3.98959 8.02706
3.37824 1.15472 8.25923
5.32385 3.34794 6.35601
1.47428 2.93322 7.85494
3.19644 1.81551 13.502
4.401 0.0613541 12.0427
5.86901 1.3693 14.5834
1.00814 4.11624 8.5576
1.80706 6.20146 8.73317
4.90182 1.14174 14.25
0.797686 4.03008 15.0532
1.54532 4.50105 12.4384
3.89736 0.70421 15.8963
3.36097 0.105678 10.769
0.840549 0.613979 13.361
2.92725 3.23331 9.89239
0.776166 6.10247 15.5852
4.57712 0.0103193 14.2508
5.42326 4.78203 9.94723
0.624241 0.997574 9.23246
1.66503 0.178854 0.216629
0.101429 1.84523 9.79854
0.726249 1.37206 10.6868
4.61578 5.16904 12.7548
2.45984 1.25807 10.819
5.13865 2.96988 12.8411
1.94606 2.74479 7.18426
5.68195 4.99124 11.1438
4.54896 4.30161 5.40702
3.55071 1.84523 11.1219
2.86316 1.30696 10.9727
5.9453 2.90932 11.8831
4.19127 2.63092 4.89178
1.06573 2.21125 8.95266
4.12894 4.33015 2.13668
5.74823 4.18964 3.35096
5.84007 0.769469 2.83098
2.49481 0.711731 13.5771
1.58836 5.38236 14.9078
5.41555 4.09782 3.5398
3.124 0.742042 0.437807
3.66875 5.4134 5.30399
1.09138 0.851175 3.29014
3.86564 5.90725 3.18764
2.86194 0.377428 0.660791
4.21546 4.46651 15.9424
5.58401 1.73191 10.4851
0.811287 4.81033 6.21348
3.52826 1.52164 7.44113
1.08032 2.111 12.8929
1.29678 0.732714 10.8281
3.93891 1.68809 9.23125
5.83543 5.70341 6.66817
1.47761 5.64122 0.00872586
2.84893 6.16542 5.3673
3.7437 3.80238 4.40629
4.05579 2.0531 13.5401
1.81557 1.02786 10.5176
3.40251 0.00929903 14.1207
4.18969 4.88079 6.99913
3.05697 5.42781 8.09526
6.19509 1.01801 0.387808
4.79729 4.53769 4.31398
2.54575 3.924 13.1308
3.49182 1.34729 3.26829
1.19843 2.10801 13.4206
0.0278769 4.36196 9.74056
3.81824 3.39192 12.0451
1.36286 0.899044 10.8257
2.55795 1.22765 15.9015
5.07458 3.98749 7.11806
1.03855 0.669028 6.40395
2.94293 1.02052 8.99779
2.02712 0.803094 13.5065
0.176375 4.8338 13.8157
0.864619 1.20145 4.97522
5.26541 2.16316 7.83714
3.87612 2.37528 14.7886
1.53697 3.53799 2.27459
6.22054 4.02165 0.18549
3.69395 6.18718 4.04225
4.25929 2.78478 0.993257
1.67226 2.35235 4.27456
1.78155 2.28175 15.2864
0.802081 2.81998 5.98112
3.13845 5.71315 13.0004
2.47527 0.886778 6.71272
4.4907 5.33662 5.27232
0.0692075 5.49988 10.6959
0.566787 5.91616 4.07984
3.88551 2.2302 13.9945
4.91215 0.723526 0.916319
3.36792 4.56501 4.97522
4.59651 0.166557 2.29882
1.18443 0.943603 9.59548
1.19524 6.129 7.26346
1.78107 2.48568 6.01229
4.3243 4.70103 3.6411
3.13764 3.3758 2.67896
3.84522 5.5473 14.3046
3.0771 0.613134 2.70017
2.21793 3.2053 15.2889
0.608328 1.48873 14.8616
0.877365 5.33891 9.4039
2.88092 5.88181 6.19123
3.11612 0.177538 2.67753
0.224094 3.73377 15.7714
1.42412 3.63751 11.7469
1.45818 3.33799 13.672
0.353649 4.72 5.58838
0.818638 5.5813 0.223042
3.85724 2.76339 2.24947
2.4379 2.57658 0.380223
0.373203 0.572808 1.53017
3.66063 2.30472 1.98126
3.51542 2.59249 5.11737
4.1242 0.247131 10.7158
3.4607 0.466832 10.6144
0.290344 5.38989 11.6902
3.03537 1.03999 12.5101
2.26239 4.59058 1.55097
3.63051 3.6219 9.72854
0.0297018 4.68906 14.1634
3.67305 1.2864 14.3911
4.35419 1.98185 9.71282
2.11794 0.152817 8.2661
5.122 0.676623 1.76957
5.88303 3.75563 13.9295
4.93412 0.148795 5.03056
0.678851 4.9173 4.90295
2.23793 2.03992 11.6436
2.21596 2.17048 5.66519
0.238752 4.92698 14.2756
5.42499 4.95839 13.675
0.0372969 4.50253 2.04943
0.623128 2.91718 4.29424
0.65081 3.02985 0.0588589
5.97232 4.27658 4.85734
3.28547 3.92473 10.0911
3.96156 5.73823 15.898
4.98808 6.22756 6.87901
6.11169 1.6158 15.8614
2.76375 3.02328 8.02905
1.72633 2.19128 12.7467
5.03065 0.495722 7.38429
4.39876 5.67173 13.5455
1.44847 4.20771 13.7274
2.95451 1.00657 5.46266
5.55816 1.28275 2.6378
2.35955 0.916135 1.02306
0.887736 2.73232 4.72559
3.77759 5.97521 4.69616
3.19869 0.500055 14.0559
6.27206 5.70425 0.550685
1.05643 4.3959 12.0138
0.465921 0.580508 11.4861
5.27127 1.5394 14.2594
1.27886 2.02383 5.11228
1.54235 2.48187 3.80769
0.818006 0.272834 11.8919
1.87839 4.10068 4.85868
5.70335 5.44093 15.2064
0.223922 1.86092 15.3621
1.55631 6.26135 5.09186
4.76051 1.85072 10.4939
5.48444 1.22393 4.598
1.11682 0.753703 7.63966
3.35767 4.86777 4.68652
5.70501 5.95415 14.2338
4.83373 4.13901 0.779553
4.91601 4.59018 11.885
3.4212 3.7197 9.3206
0.264056 2.87005 7.48937
0.449252 1.94743 4.86162
5.39502 5.85174 0.404537
0.697943 1.55319 3.88135
4.29242 5.15466 6.8019
1.56521 2.26417 2.3939
5.47285 4.07947 0.354969
2.61141 3.74565 12.5222
2.79995 5.6161 14.7692
0.654411 5.80702 5.80957
3.79446 4.84182 12.7477
0.755298 4.18043 3.13435
1.74686 0.0216729 1.92202
2.1748 2.75808 12.0084
2.14432 5.76303 9.29512
0.0228504 3.26882 12.55
1.26874 2.8512 9.39217
4.22209 3.08151 10.7614
1.85428 4.27205 2.60329
5.05094 1.94291 10.2948
6.27383 3.90516 7.98001
2.87912 4.25916 2.71136
5.99914 1.02995 14.6352
2.81567 1.41039 5.82642
3.08503 2.87813 14.8574
1.11676 3.8752 3.35267
2.25132 0.903079 8.24191
1.80895 2.51973 5.23265
3.6688 0.520938 5.7076
3.89829 2.23818 13.7533
3.48224 4.98956 14.6075
3.49099 3.48753 10.6054
2.30947 5.19876 12.7295
1.99965 2.59454 5.11334
3.65369 5.3966 8.49555
0.379165 1.77686 14.1871
3.13916 3.29052 0.0671954
4.81047 2.77227 11.3248
2.29001 5.76794 4.5464
4.24804 1.42779 9.01541
1.10163 1.00771 3.16508
2.03973 0.436329 7.33087
4.31106 5.98472 11.7046
4.869 0.475097 2.47782
2.66916 6.07616 3.68073
2.19753 1.72443 9.34995
3.99256 2.31072 13.2662
4.25846 6.21371 4.80054
4.63298 4.44785 4.34501
5.87754 4.76923 7.74517
5.90674 5.53978 2.04721
2.49754 6.06168 11.8483
4.79199 4.04764 4.15894
5.19239 4.28446 15.8286
4.0261 2.5919 14.3059
6.06466 2.97782 14.4387
3.39229 5.21145 2.05396
2.21983 4.91858 13.6056
3.79476 1.51031 9.12381
3.39717 2.59163 11.9751
3.23208 1.17793 6.71878
4.02281 0.529441 4.42033
0.241859 2.66589 14.123
5.7808 3.7666 2.40929
2.429 5.57522 4.27029
5.15974 0.805026 11.312
1.91687 1.30751 14.3271
1.66255 4.06129 10.3547
4.93707 4.81213 7.55081
4.21389 4.56334 1.19619
0.698556 0.440001 2.67485
0.303243 1.06868 12.4578
1.97248 4.42296 1.87569
6.10734 6.10776 6.98643
5.46514 5.23301 14.7801
0.166948 0.992953 12.4747
1.81273 2.80805 8.38685
0.871902 1.33588 9.8352
1.92239 3.89892 8.6901
0.516216 2.64858 11.3821
1.11278 4.27114 13.9218
4.38315 2.26502 2.9346
1.89506 3.5718 2.494
5.96743 2.67122 0.382558
4.15412 5.6966 10.8636
2.40294 1.7315 1.18551
1.99917 6.11234 10.8377
5.07527 5.92773 12.2044
4.02745 4.38215 10.5026
4.76862 4.21093 8.08605
3.56761 1.56267 9.87877
1.37027 0.553058 1.85113
3.20947 5.94553 5.43774
5.44226 3.79446 11.9494
2.58006 3.77122 14.2606
2.43923 5.28797 1.27281
3.56448 0.120334 2.94969
3.16391 3.01062 4.52746
0.433466 4.89681 1.27152
5.8965 0.401568 0.287308
4.85225 4.69435 2.69518
2.34845 0.48943 10.9371
3.5942 3.57179 1.38235
2.92191 0.555797 7.87197
4.57156 3.935 14.2568
0.848428 0.809562 12.8374
3.25425 4.9627 3.88861
3.83904 0.503524 13.0281
5.9251 1.79518 10.2778
0.1516 5.89849 13.095
0.389647 3.07237 15.9754
4.6592 4.46511 2.15535
3.37996 1.44697 10.6398
3.99114 1.87667 12.4723
1.39435 2.2654 8.59298
5.812 0.898918 5.37997
3.07506 1.41662 4.39659
1.10953 0.382553 15.8845
3.90041 0.0521771 3.28163
4.1116 0.286427 13.7021
1.74387 0.472202 12.6754
4.70835 0.540688 15.7095
2.6092 2.73206 6.60396
0.425659 0.645451 2.69995
3.00895 2.34192 1.52855
4.66713 3.54825 3.20696
5.38833 5.77847 6.16097
1.43098 6.09105 12.1717
1.51509 5.28911 11.0578
3.76158 2.58273 7.12641
3.87598 2.42919 14.0046
5.97459 4.7712 6.36161
2.37784 3.84949 1.92931
5.24921 5.00025 9.47265
5.81659 0.166919 10.735
1.41968 0.972072 5.25945
1.22537 5.51335 14.0749
3.28686 0.49407 11.9842
0.751925 5.65218 12.3679
3.80452 6.20418 6.32205
5.50442 3.28222 6.14465
3.76734 0.557836 13.4285
2.63924 3.64391 1.27384
3.29055 3.35322 2.44485
0.54277 4.23688 7.8402
0.0622423 6.03637 8.57884
2.59999 0.204823 5.17753
5.15098 4.45695 2.11797
1.81153 4.23864 14.9057
2.98783 5.81547 0.800984
1.13808 1.93918 7.19544
5.51517 1.21379 2.33305
5.11143 3.56909 10.4652
0.96091 2.06171 11.5883
1.41795 5.63734 13.9231
4.69529 5.86542 6.75796
5.70139 5.14143 12.627
0.16754 1.23857 14.2331
3.90158 5.9168 7.2983
2.45686 3.14994 15.7348
1.08431 2.20283 5.81418
4.11192 5.93215 15.7431
4.49278 1.08652 2.70119
5.03548 4.00597 0.632476
0.239155 4.2853 7.24216
2.27602 0.808188 10.3317
0.0561608 3.99556 9.382
4.17287 3.54745 2.11731
2.46255 2.56082 2.08331
5.56644 2.21059 11.7677
0.231914 2.8355 9.54782
0.513244 0.70915 10.8909
0.940887 6.18673 12.64
5.11538 5.73459 11.0922
0.082208 4.82008 15.6899
5.58146 0.181768 3.74432
1.08937 2.9693 15.8375
4.34918 4.3729 12.4585
2.12868 1.81431 0.404586
1.98429 0.941904 7.74383
0.174816 1.47455 4.04577
0.466373 2.27461 6.94674
3.0456 4.07543 10.1339
1.97572 6.24924 15.3536
0.775251 5.85602 15.1846
6.1387 1.99001 6.10508
3.29403 3.48651 11.2591
4.77011 1.31605 14.198
5.67207 3.1043 11.621
5.58829 2.27559 6.4997
0.0547727 4.0609 12.7593
0.371585 1.76243 14.9273
1.11864 2.13926 9.23261
5.33745 5.53808 13.2206
1.18986 2.41206 1.8281
3.46522 4.18881 1.27478
5.24744 4.21429 6.49399
3.33215 3.30206 7.46701
0.992407 5.38133 13.8492
0.365095 2.43777 14.4917
3.69656 3.93476 2.81483
4.59254 1.50074 14.3219
4.13662 5.49033 3.85798
2.21114 2.00591 4.86523
2.87412 5.63302 11.8857
3.83197 0.183423 14.5939
1.16609 3.30209 9.50961
4.52561 3.83393 2.30047
4.78716 2.27475 13.8044
4.6668 0.692849 5.15247
4.14198 6.2535 6.95597
2.33605 4.18967 14.9741
2.65767 2.12137 3.87751
3.63887 4.57613 2.26961
0.577304 3.95835 13.7581
4.81147 5.89652 12.4991
0.136887 5.88549 5.48268
4.8821 4.21698 10.8786
1.27058 2.37387 7.79388
0.39372 0.709084 12.7471
4.83237 6.07985 15.5468
1.89707 5.31228 0.244004
0.818997 3.06647 11.8272
0.259572 5.50844 1.49478
0.641057 1.37501 9.41479
0.900665 5.03452 6.42667
2.74307 2.09107 12.8406
4.90007 1.66609 9.05883
4.13481 3.88634 11.1416
0.210957 1.54732 8.64571
5.64078 3.20772 8.50179
4.45435 2.51836 0.744504
3.35614 0.50981 4.61289
5.21718 2.36955 2.37008
5.79201 1.06027 14.1401
4.74911 0.207383 14.8482
4.92662 1.9657 9.04679
1.2346 0.366817 5.03706
2.58358 1.51222 13.8027
3.62749 3.37776 8.5101
6.23566 4.61507 3.78126
0.454324 5.81069 13.2697
2.98652 2.41418 2.03043
0.322569 4.16862 0.167949
0.5925 1.19435 2.76772
1.42782 3.14863 11.7317
2.43961 5.76071 7.70001
0.450858 1.09294 13.2627
2.48154 3.853 4.25045
6.21913 3.37466 4.34541
3.02664 5.43903 2.53701
2.17456 6.18175 8.47464
4.35566 2.04445 6.69942
2.22227 0.189815 1.32152
5.64746 2.10368 0.368627
6.04703 1.15352 14.1948
3.32436 1.08236 15.0189
3.51012 1.25792 10.3563
3.30745 4.77404 4.11389
5.32309 1.83177 15.8219
4.24353 4.77357 12.6485
0.147646 5.20614 0.0801802
1.53685 2.43387 2.40354
4.06211 3.02189 14.4703
3.36483 2.3104 13.9202
0.15612 2.5264 12.0895
2.98445 1.19286 0.190247
1.78139 3.37799 6.43247
5.60998 5.82111 0.0491918
5.8653 0.327271 3.15586
5.71956 2.90048 14.8283
2.42757 6.10591 9.79864
0.783643 4.8413 15.0224
5.89151 4.46852 9.55887
0.0501891 2.32239 3.99808
1.14417 0.969257 12.2465
0.702603 1.82863 11.7057
4.86342 5.61125 12.3378
2.95866 2.72255 12.2256
0.148075 3.49915 9.28967
0.850418 5.81948 7.93741
0.45459 3.87413 3.12387
1.77319 0.696914 14.7034
1.73265 2.09945 9.97502
3.42976 2.99879 7.9394
3.93799 1.41551 2.95399
2.06628 4.56075 9.13059
0.732831 5.49165 9.87656
0.792642 3.64316 12.4766
3.9632 4.03001 13.0786
2.86506 3.02457 6.35288
4.90211 1.21818 15.4642
3.59281 3.84006 15.1692
5.90778 6.01617 4.79482
0.0797969 4.58231 7.81116
5.15388 2.45561 0.105979
5.37116 4.60397 10.4118
3.33038 1.28517 15.8487
3.25695 6.18488 2.99124
6.08946 0.653535 15.1196
3.6434 0.205508 2.45614
2.39098 4.53981 13.6159
3.59688 0.0539062 5.04626
2.19717 4.03083 7.2589
4.86587 1.89184 15.5203
4.43842 5.99313 3.12489
5.89907 1.0076 10.5052
2.91968 4.96471 0.157285
5.14274 1.989 12.9309
1.32587 4.43553 11.6073
2.30118 1.77662 8.34431
4.52741 5.71745 15.5163
2.03842 6.17962 8.60912
5.68836 2.38202 15.8328
4.90861 1.14082 14.4699
3.69043 6.08255 6.62809
5.00479 0.229047 7.64305
2.64912 3.44774 14.9419
0.294408 1.94202 5.41516
2.03285 3.03654 14.3216
3.39042 1.66672 11.004
1.46471 0.846337 3.09655
1.10337 2.2993 4.37562
3.03804 5.80782 7.91675
0.920657 5.99822 4.28996
0.641865 0.162572 1.86465
0.380957 1.66782 2.34649
0.187009 4.96332 0.954885
4.52534 5.42239 15.4576
5.30483 5.01441 10.0773
5.26829 4.9657 11.6592
4.59215 1.59336 12.993
1.51949 4.86245 15.2157
1.02744 2.25038 6.08832
5.36604 2.91495 3.14425
1.09448 5.60126 4.6142
1.79273 3.20631 11.5381
4.65468 4.0452 2.31685
2.89793 4.83201 14.9969
5.74123 1.64484 15.5631
3.75227 2.03933 2.59086
0.387898 5.94937 0.50177
1.62817 2.81041 3.58112
1.42807 4.75654 14.8761
3.74728 0.59989 15.9517
5.83099 0.757235 8.49788
1.68957 5.56371 5.27143
0.643742 2.00373 14.5066
1.83439 0.272545 14.2742
3.75614 1.95781 1.98191
4.21103 2.62046 5.70229
4.34224 0.480907 6.38652
0.638695 4.05136 0.318836
1.81677 2.92114 3.63377
2.762 2.57424 2.38868
2.47469 3.76841 6.27917
0.857205 1.7592 9.98212
2.25027 2.10394 2.5298
5.16919 5.50554 4.98114
5.32847 5.2399 12.8315
0.0940275 2.91571 9.15875
1.54198 0.0154017 5.31023
3.5614 4.92699 2.59296
5.93107 1.54239 0.0585472
0.424771 0.331048 2.33638
1.36737 4.69528 13.5483
1.92531 5.69058 15.0401
2.82144 5.37083 9.9069
5.70091 3.50113 10.9251
5.55841 5.04587 13.1674
5.2891 2.54742 12.8871
1.00293 1.66435 11.8207
2.69591 6.24705 1.90289
2.52405 1.37702 2.38915
4.74242 2.61994 13.2288
0.467237 5.72546 9.2496
5.16868 0.34411 12.8077
3.98244 4.86446 12.2852
4.09858 2.13841 13.9992
3.3632 1.72256 3.83881
2.51912 5.49234 11.3809
5.20441 3.27171 15.1527
0.994821 1.69175 11.4456
0.704522 4.93296 7.46743
5.07724 2.28338 0.269599
3.62406 0.808184 5.80565
0.0716106 3.47891 11.2008
4.02795 0.783246 6.12903
0.964283 2.07293 15.1076
3.89638 2.85043 7.75953
0.298565 2.75219 12.7002
4.90023 4.92271 3.29584
2.68455 0.5984 11.3752
1.37888 5.14705 11.156
3.49847 1.10896 6.02811
1.01342 5.50679 3.60919
0.534204 4.02152 6.80334
3.56468 5.75104 12.7257
0.00891434 1.36936 11.2151
5.74742 2.90642 9.13618
1.00462 3.63855 7.29193
2.97299 6.24693 8.00578
4.59769 1.98361 0.31685
4.41693 2.70511 10.3473
2.07443 1.01266 4.06459
5.20028 3.96928 3.98757
2.23896 0.783638 7.55272
5.15072 5.63387 6.88281
6.06921 1.22035 15.087
0.355156 1.08178 3.05534
0.750587 4.234 12.5048
3.82176 4.78741 12.4612
3.49223 4.74317 1.5969
2.14617 3.22538 6.17326
4.65638 6.15672 6.2623
0.812667 3.01331 3.51568
0.980417 5.83187 7.4765
4.73068 2.85929 15.9314
6.20151 2.17232 2.01661
3.65979 6.18665 9.27545
1.99164 5.27248 12.7657
3.92113 2.69821 3.04916
1.16009 2.62115 6.83425
4.79093 5.34258 4.28642
4.52652 3.73895 0.80348
4.91394 2.72708 2.35253
2.61532 0.942196 8.92008
4.97666 2.17048 8.13966
4.13136 0.210551 4.07305
1.45933 3.07661 5.89051
2.29664 3.009 14.6785
6.10397 5.90776 15.2617
2.51751 0.337535 5.8565
6.23974 5.02345 9.77601
0.733251 3.54578 9.65911
2.56074 1.66531 4.79905
3.2415 0.649609 9.94076
4.93391 3.64302 9.02186
3.77151 4.45498 9.95747
4.8733 2.37605 3.45178
2.92692 6.14282 3.457
1.64529 4.75258 6.3119
4.62365 2.40751 4.34829
3.40389 6.16953 8.45839
2.58434 4.41746 2.74588
2.44889 3.02304 14.2048
1.19432 3.45466 13.565
1.88218 2.75536 12.6037
2.24466 1.8596 15.7684
5.97411 2.74999 6.70338
5.63829 4.14719 0.961107
3.665 1.95034 3.16557
6.03481 0.173754 9.23274
3.10861 1.25147 13.0404
3.50426 4.25181 5.40126
0.766517 3.88234 5.88157
3.27227 0.0923963 14.3493
4.87915 3.12524 3.04312
0.165641 6.2691 4.06188
1.35658 5.33787 3.91139
0.402349 0.0518762 0.30407
1.41513 5.63322 1.7269
5.37717 1.79505 9.57786
5.25915 0.0271371 7.20542
6.26466 6.04906 10.5114
0.238083 1.25685 1.40876
4.77524 4.37667 8.12502
1.98865 0.00602492 14.5898
0.39028 3.98318 2.28337
2.8329 1.60329 8.02981
3.7091 1.61663 5.14284
4.15482 1.01856 12.1021
2.68374 1.46274 5.93671
1.20291 3.25613 8.18201
1.7861 0.440386 2.22765
4.67557 5.17479 8.41912
1.05778 1.83311 15.3315
2.78379 1.26171 13.3536
3.06669 5.72124 4.21236
1.23055 1.99541 9.74721
4.33865 6.1431 13.5887
0.900347 1.44678 7.88165
3.75862 5.65407 4.95063
4.80111 0.77276 13.8964
3.11043 6.08976 4.11159
6.08481 1.85224 2.42528
4.19926 5.73124 11.0406
1.40182 5.90398 11.2438
2.66494 1.28475 6.31587
4.32074 4.87512 10.7043
3.86431 1.2426 13.8015
3.97758 3.70073 4.15109
3.71139 3.12041 14.6178
3.56578 2.7818 6.11659
2.30739 5.71579 5.30086
5.91163 0.688332 1.98903
0.17246 0.16678 0.354815
1.83403 5.83956 7.91039
3.56901 2.64184 7.91052
1.41109 0.913062 6.45202
2.37919 3.77586 3.41679
3.56668 5.60817 4.98099
4.08728 5.70668 6.58545
1.42042 3.52291 1.11463
1.864 0.168829 4.21516
3.41961 5.25823 3.72851
6.24764 4.70593 15.9074
4.89245 4.89516 8.76831
4.72081 5.24762 0.183859
2.4362 6.07615 7.34789
0.284681 5.97982 9.36378
0.103137 4.05597 0.669124
4.49514 3.61306 3.86349
0.59761 4.65453 5.41455
1.27163 2.24894 6.42585
0.388418 0.766918 5.94063
0.518294 0.23721 5.16143
1.99319 4.14252 4.19628
4.18245 1.31291 15.9507
3.15745 1.35593 7.20951
1.64979 3.50209 11.7018
5.85568 6.04438 5.21454
4.48511 0.260108 0.268512
3.64181 4.76559 7.66852
4.18019 1.27642 15.0189
3.18085 3.32667 10.3807
3.85755 4.08591 5.82544
1.38037 1.8636 0.702631
0.230114 0.148899 12.8205
5.3341 2.07728 2.27276
6.27421 1.85495 7.75187
1.47279 3.1906 2.94449
3.02032 2.46885 6.92752
3.29267 5.25388 11.0389
1.48675 4.89993 9.56437
4.87715 1.75134 5.54942
1.81808 2.70173 10.0159
4.92952 2.98492 10.3213
6.02149 4.33041 1.93749
1.22903 1.1456 8.95471
4.4366 5.59943 5.24879
2.31638 2.74669 14.8716
5.68387 3.95213 3.5273
4.98787 2.79685 5.12834
5.05609 5.58051 10.0008
3.53551 3.03353 10.0295
5.21213 3.45047 14.8241
5.56966 0.559365 4.40043
1.00361 1.79118 10.4112
0.99148 2.4135 0.943006
4.48564 0.536916 2.95037
4.06561 0.0788491 11.2034
1.48298 0.563052 8.89359
5.42291 2.25193 8.55028
2.21485 4.31267 13.418
1.98685 5.01482 13.6441
5.16098 4.51802 7.0235
3.45677 4.87131 0.153857
2.92914 3.25852 10.515
4.17417 5.75944 14.8387
0.311015 6.22505 10.4852
1.31266 6.06912 8.19957
0.85647 4.73972 0.9005
2.81038 2.4098 6.01941
0.783324 0.925089 5.7702
2.18654 5.32536 10.0282
5.25575 5.97215 5.03406
6.01303 6.09453 13.3095
3.79133 0.780644 1.78363
5.87408 1.24195 8.80121
2.25564 5.78611 7.9616
0.333556 4.1055 1.68886
5.74629 5.23974 3.12199
3.55557 1.97113 15.8852
4.23891 3.96303 11.1701
0.820032 4.97574 6.10616
5.30165 3.46359 13.5699
1.14558 4.604 10.4054
1.16243 1.64305 5.75679
0.26776 4.49375 4.75108
3.63023 5.35454 1.9468
6.15752 1.57848 9.78688
2.29295 6.12536 12.8555
5.89815 5.45562 4.88108
5.459 5.06429 3.38896
3.29412 0.189026 11.0352
5.96993 4.18145 10.0342
3.40428 0.249724 5.77835
1.4085 4.7911 1.4879
0.848407 2.50665 3.65015
5.76036 3.57931 12.4916
1.35868 6.20541 5.1898
3.00219 4.31772 7.11952
1.43935 2.62132 5.31706
6.17834 5.35279 0.266217
5.11388 4.85729 13.9134
1.65414 1.89416 15.4112
2.01381 5.99523 11.5544
3.25459 4.2475 14.7763
3.51365 0.349691 11.2625
2.43441 3.10903 14.6032
2.7161 0.0392286 10.5698
4.81037 4.29897 15.1611
2.0992 1.16358 4.20689
0.721492 0.165782 10.483
2.84231 0.0121805 1.01818
0.444859 3.66711 10.2374
5.74921 3.47611 11.5231
4.49384 2.99875 3.53392
0.0926377 0.988496 3.47957
3.81729 2.27832 8.2032
0.910792 5.46638 3.19479
1.67028 2.94902 15.5283
1.04858 1.55264 5.6065
5.46276 4.37292 9.99461
0.42136 2.99265 4.10664
4.31747 1.22029 9.00835
3.60676 3.08221 7.92842
1.79382 4.76575 3.32699
4.62887 2.08539 9.83458
2.07563 0.601237 6.15302
0.698995 3.44263 4.38297
1.49087 5.99964 5.98541
0.291649 2.91822 14.2937
5.03203 5.44251 8.83206
2.49236 3.14462 4.45618
5.56412 5.39066 3.90643
2.26121 1.17269 9.09147
1.17097 1.99611 14.2596
5.5799 4.63794 9.97639
2.63712 1.96149 8.30738
3.05851 1.63973 6.92799
5.27123 1.69377 1.45299
3.49351 5.40677 7.12593
4.45751 1.54875 12.12
2.54824 2.79143 3.40257
1.76159 2.22565 8.44113
3.31408 5.68492 4.33793
2.04492 3.77025 11.6967
2.70766 6.26938 8.95832
4.75396 0.15117 10.4971
1.93719 4.62901 13.6137
4.15313 0.100658 7.26929
3.50643 1.95504 9.36241
5.74192 5.46644 11.1083
2.07764 0.365461 7.58247
2.6903 3.45244 3.59575
5.81871 1.31677 15.5708
2.53722 0.592831 3.95399
3.34629 2.57382 15.7257
5.75328 1.01578 11.9015
6.11804 2.83743 8.92696
2.58797 2.11356 12.1906
1.91721 4.41162 14.9492
4.72194 3.94546 14.4778
2.79266 2.69586 10.482
3.85371 2.10791 4.93291
1.28903 0.916567 13.3412
4.99462 3.03853 3.31246
5.30325 2.8187 11.4716
1.12329 4.98028 1.8207
3.6235 1.28355 13.3916
5.22954 2.18784 13.2425
3.22728 3.0635 15.31
1.59177 5.58199 7.6408
3.46626 1.03586 1.50709
0.080942 2.5205 0.724127
2.27468 0.619761 0.0944407
1.4376 0.209191 2.04238
0.68604 2.24503 7.00182
4.57317 1.17086 3.7906
2.52256 5.07182 13.7389
4.96229 2.21923 5.04977
0.895589 5.36598 5.63221
2.16957 6.08778 2.61824
4.82872 1.22778 1.03792
3.28589 2.81807 15.8983
0.00431621 3.72419 0.610605
2.93865 2.60906 12.5415
0.958346 5.08837 9.43126
1.01129 0.00623122 3.92203
3.36421 0.691206 10.4666
2.26986 3.03492 6.26241
1.82597 2.0471 11.3132
0.267456 5.05359 15.1519
0.882605 4.54298 10.1081
3.61518 5.0364 7.82572
0.633883 0.502816 10.0257
2.32442 3.06713 2.70091
4.74642 3.73626 3.33879
3.80576 4.46757 6.4354
4.18977 3.11656 0.245474
5.1776 3.9286 13.7703
0.13558 0.959781 14.8647
0.274995 1.94429 10.1283
4.94824 1.42645 12.5278
4.13119 5.60307 3.7854
3.19304 1.25894 6.15757
2.24541 0.452442 6.90525
6.11503 6.20615 5.99205
4.89108 5.84864 8.378
4.66361 2.68632 14.4394
3.23183 1.60953 3.80271
4.39125 5.73731 15.9598
5.95993 5.91099 11.2935
2.31365 4.74619 5.9251
2.75961 1.47959 1.23974
0.954017 4.97191 10.0186
3.1295 6.17524 10.5185
0.576525 2.03101 13.8234
3.65766 3.65637 0.157422
3.38419 0.740632 6.22085
3.65383 5.04036 4.44902
2.83176 0.959844 7.85129
4.62194 0.579841 1.96577
2.79061 3.44177 11.8438
1.73512 3.45072 9.83514
1.07039 1.65414 5.84341
0.24931 6.23257 2.7391
2.27713 1.63627 9.14801
3.15061 2.70619 15.8054
5.46441 2.76607 0.632048
5.17769 6.13299 4.89785
2.29141 1.23935 13.2106
1.37466 5.1843 2.99216
2.35352 0.694858 12.9256
5.33257 6.23509 1.74601
5.58563 4.15316 12.3356
4.01369 1.05996 6.35025
1.43562 0.003772 5.30263
2.88354 4.37136 7.0992
6.1466 2.52252 2.91976
0.573837 3.65789 2.05577
4.08681 5.13132 5.64892
5.73182 4.39694 12.2155
3.62765 1.24919 10.0705
4.63352 1.96047 8.917
3.84952 2.11551 9.85109
0.592888 2.11657 15.6404
5.88922 3.16217 14.4162
5.20918 4.81608 11.7086
6.16792 3.71178 9.05144
0.576325 2.05502 0.586825
4.91957 5.99611 13.968
5.77958 4.74456 4.43294
1.36636 4.86778 14.6145
5.64475 5.63274 12.3551
4.23464 4.49411 9.06159
4.76466 4.06764 3.43356
4.20091 5.70225 4.29256
1.93801 5.65234 5.61042
3.43267 2.61677 3.63654
2.53299 5.77539 3.52186
3.94939 4.86046 12.919
1.33311 2.36501 2.85224
5.15694 0.716648 2.41696
4.61245 2.04418 7.62731
3.63862 1.56049 5.9526
2.56217 2.66454 3.1954
1.06639 4.10392 14.3409
3.40368 1.76328 15.7268
4.1948 1.5394 13.6699
1.94069 2.1323 2.74259
1.68275 3.80817 6.36398
4.38643 4.89402 0.932245
2.15394 2.64962 13.5493
3.31584 1.59978 15.503
1.40364 5.5109 6.34442
3.10288 0.385291 1.82122
4.88052 4.06943 6.62823
2.90246 5.29004 4.38446
4.28675 4.94151 4.96403
0.705089 4.27314 8.73954
1.50049 0.459333 8.45968
2.98253 3.40162 7.57451
2.05438 2.71764 5.92327
3.7081 2.18733 8.41917
5.6462 3.89941 14.5955
0.875628 3.53225 15.8125
3.99809 4.96539 11.537
5.64798 4.46261 13.3872
1.28928 2.32154 6.07603
5.79513 3.19232 11.4513
1.27123 1.41413 4.30167
2.07688 2.09243 1.02594
3.16915 6.1279 9.30986
1.21793 5.99937 12.5429
5.50357 5.03741 9.95781
0.00604992 2.69043 0.993989
3.24267 4.75506 2.25065
4.68403 0.369491 15.9612
0.434696 4.7459 14.1042
2.91257 2.95474 12.4889
4.46704 2.5251 15.4508
3.72336 0.405815 9.0353
5.60504 3.63148 2.1781
1.16339 2.55786 4.75673
2.95458 2.68958 8.10995
6.06237 0.0052105 14.415
5.76319 5.89561 10.8287
2.1915 5.24074 3.81161
0.917992 2.0596 14.2714
5.24222 2.8843 2.33089
1.91028 0.343819 11.8622
2.63388 5.92194 11.2617
1.22643 4.90164 0.734349
5.47295 4.13298 13.1607
5.19574 1.80039 0.574712
6.04629 0.984801 3.47939
2.84031 2.46309 5.33623
1.41928 3.12619 4.4679
2.87317 4.32632 6.77487
0.86032 5.0611 14.5569
5.07275 1.9843 4.67356
0.408078 5.96929 13.4154
5.81303 5.76765 5.56936
1.55374 5.59206 6.96619
4.15722 1.91875 5.47252
2.20954 1.30967 7.24419
3.63682 5.44856 11.4469
3.53042 4.62439 1.77887
5.55402 3.46348 11.7213
1.16823 4.24234 8.84483
2.75196 1.07967 13.4256
3.68819 1.51621 8.28442
0.905654 3.80484 8.31348
4.24039 3.36737 12.2326
4.56806 0.340507 13.3332
3.78802 4.78445 12.8298
0.698182 1.10645 9.07529
3.02766 2.80134 2.64607
0.481049 0.871597 10.2513
2.64186 1.5791 5.23803
3.92618 5.05039 9.79185
6.00806 3.78072 5.65046
0.631359 0.530356 14.4036
5.35391 3.2754 8.42218
3.596 1.38495 8.26844
0.921692 0.941107 13.7323
2.28018 1.43823 7.5382
0.275093 1.05388 1.90699
5.18654 5.02924 5.14462
3.19787 5.55812 8.71301
2.25574 0.510024 13.3896
2.05947 3.46311 7.15552
2.2149 5.09673 3.17424
6.18101 5.65539 8.67841
1.66075 0.511507 8.25783
4.89773 5.37773 13.8102
4.42024 0.453805 15.9169
3.46144 5.87557 11.4273
0.737767 5.3636 9.52949
1.76265 3.45916 11.0462
4.48987 4.98003 11.8307
1.93827 3.39183 5.31673
5.13767 3.59933 15.4659
4.61446 6.16126 10.4398
2.70757 1.2835 15.4671
4.50479 2.47553 5.4465
4.41393 1.69348 9.64312
2.49388 2.6523 14.0114
5.34822 2.26368 11.6322
6.16683 1.5129 7.59781
4.95109 5.1503 12.5417
2.363 3.9743 7.24006
0.988662 0.893601 7.02629
5.47669 1.09897 14.6854
5.98718 1.94942 9.49362
5.14297 2.58558 1.5729
1.28975 1.43259 5.02323
4.62444 3.89168 9.93677
0.74978 2.82093 4.92891
5.28258 1.34843 0.075323
2.96533 5.65391 2.92279
4.81229 5.11824 6.17654
0.707415 3.57556 3.67949
5.64676 0.639226 15.1003
2.71235 0.442422 5.33771
2.0513 1.47453 4.86655
6.19996 3.22802 14.5237
2.70821 1.93344 8.03911
2.54421 1.13643 4.55849
1.12993 2.49735 3.41086
0.230023 1.38625 3.01671
5.62464 5.31093 11.6413
3.59296 3.29936 3.98077
3.66155 2.08403 8.69079
0.120389 0.465322 4.65952
5.74427 5.87291 3.88064
4.06629 1.87627 11.7383
4.61701 3.10631 0.1885
3.03832 1.50861 7.4168
2.49943 3.67747 6.4407
2.53786 6.12486 12.4941
2.66582 2.33582 4.23342
5.75081 4.00106 0.688484
4.49191 2.04864 7.63949
0.642339 0.966007 11.5695
1.04908 1.01907 5.15965
3.3332 1.36453 15.6251
4.12369 0.916226 12.0968
0.819646 1.05044 1.69661
0.842955 0.119592 12.245
4.92519 4.88616 2.32387
0.255473 5.71138 0.252248
1.52573 4.21717 4.97956
6.13402 2.01925 1.1389
2.44647 5.73608 2.10958
2.66258 2.81425 13.7833
2.38367 1.06439 12.3629
2.85143 5.24325 1.16183
0.174558 3.7995 7.26104
1.46406 5.65485 7.74543
3.04773 4.78112 13.1056
4.70698 2.69879 6.58631
5.72384 4.82126 9.57958
4.24895 3.28274 6.46649
2.00949 4.16439 1.07514
0.945179 6.0908 7.49399
3.11936 5.28192 7.63242
1.34153 4.85276 14.3981
3.96986 2.4089 13.5287
4.85649 4.66989 10.5535
4.05606 1.20663 2.51831
3.99512 1.91723 1.15825
0.686407 5.08258 10.3149
5.97262 5.03057 5.28536
6.07514 3.00095 0.492637
4.1258 2.94792 1.06571
1.91418 0.162722 9.33641
1.98593 3.13589 0.848121
6.22759 0.522627 0.381051
4.37664 5.48099 12.3999
3.30413 2.23499 6.38822
4.57619 1.77409 10.1522
1.44667 3.82032 11.9507
3.13893 2.47785 2.32939
5.15984 2.82928 8.36106
1.42425 3.03923 0.223729
4.48176 3.57141 5.87461
3.16351 2.77713 6.51892
5.98948 4.68512 15.1262
0.663319 4.26287 10.7681
4.15963 1.76048 1.67279
5.89039 4.66077 2.36361
1.01721 5.98587 10.0047
6.20324 1.40377 9.19943
6.14846 5.09719 15.066
6.2122 3.87581 11.7373
3.98297 3.79463 3.17049
3.04559 0.935032 10.1229
4.34077 4.73737 2.29735
1.59888 1.61311 1.12599
3.36492 1.66238 12.1672
4.72036 0.476189 1.12409
3.97431 0.851144 8.49829
2.40692 1.97067 3.21762
6.02801 5.32764 3.35345
5.2063 0.891829 6.80863
0.791067 2.05624 13.0997
1.33969 0.660752 3.57855
5.01284 5.92134 13.9668
3.37549 6.05926 2.93817
2.98955 4.84732 3.11973
4.31161 0.589153 14.6015
0.367461 0.263344 1.28231
1.48539 5.89252 6.24108
3.74181 3.45421 5.15373
4.43448 2.67843 5.03371
3.59093 5.98952 0.717477
0.798362 2.30403 11.089
3.88879 6.01921 10.115
0.923798 3.47923 0.95514
3.43848 5.80088 6.60845
2.23313 4.41876 3.80246
0.669103 4.21287 6.88111
2.58787 4.10073 14.627
1.17583 4.8251 3.75672
1.61681 1.60302 0.702974
4.36875 0.881269 7.30511
2.3764 4.69016 14.8972
3.50529 1.33242 10.4791
2.79675 5.40228 12.4135
5.60938 1.52496 1.73838
6.0886 3.36914 12.1915
2.59974 5.75542 12.6207
2.62828 2.12448 1.08325
1.68959 2.73509 4.23998
1.76923 5.95395 0.449609
3.41415 2.75115 8.10303
3.41632 0.980459 12.5996
4.43065 4.08638 8.67021
1.06404 0.767451 11.0803
1.94116 4.13936 12.1966
4.66434 3.94747 6.30651
1.16242 5.9578 1.59074
5.56191 3.80523 5.2947
2.5421 1.56641 1.37303
3.78898 0.929529 13.473
0.858635 4.24141 5.13131
4.61124 2.67385 5.16645
2.57185 1.03671 11.7645
0.293622 3.18041 11.3461
2.29482 2.40688 10.3155
6.07692 3.69301 5.12756
3.66482 4.18281 0.585425
1.59842 0.57277 13.0301
0.588054 4.67258 11.324
4.41572 4.72503 5.30938
2.76514 0.395688 9.43353
2.72459 3.11224 7.02985
3.77221 3.11496 1.03515
0.387472 2.43481 4.46243
4.43957 2.20062 4.2353
3.80911 5.55941 14.9297
4.41043 3.33801 7.29917
4.53848 4.11917 10.5698
2.59073 0.253541 4.14313
3.50431 1.06922 12.3122
0.362207 4.18905 7.42639
5.1286 3.95033 15.8436
5.4012 0.856308 1.80463
1.39746 0.128667 9.72415
3.93433 3.02673 12.5733
1.7071 0.480484 9.48429
6.03734 4.87881 5.18046
5.40036 5.84481 12.4546
3.63818 1.82064 6.50348
1.33929 1.12013 10.0018
4.48818 2.96006 8.20143
0.355301 3.99814 10.4085
1.15551 1.79926 14.2096
2.41198 3.73783 2.58058
1.79157 3.59105 13.0855
5.89985 5.21333 4.09516
3.29506 0.0553794 13.5016
3.82783 1.71589 12.3899
0.91451 4.07052 4.68791
4.48236 0.34032 2.80986
0.346042 1.83704 8.20803
5.73186 1.09235 15.8702
5.79047 1.35867 3.29392
0.895523 0.620966 4.60379
1.18259 2.66052 9.96034
4.37538 1.12757 15.5057
5.25481 2.22422 0.443349
3.09286 0.162924 5.09657
1.29209 4.41663 14.2317
3.34092 4.25071 13.0938
5.41007 4.94012 4.89977
4.85738 4.99844 1.12128
5.7356 4.69626 7.52421
5.26516 1.76104 10.9737
5.90711 4.32778 0.325772
0.787503 1.09447 12.8808
3.64759 2.8071 15.928
1.08287 2.01884 14.0976
2.53615 1.60293 11.0006
4.52059 2.71232 1.20572
2.85329 1.76932 11.6219
5.70446 4.94752 0.584836
0.0339392 3.31481 12.1755
2.02032 5.62086 10.311
0.591166 2.77591 4.89592
0.250343 4.35749 14.7829
0.114369 0.0890506 4.84232
5.73302 3.80773 2.25303
3.09157 5.29705 8.15433
2.53098 2.52032 7.06512
3.29382 1.2388 15.4583
2.91447 5.93491 14.4626
6.2228 2.99635 14.4016
0.353561 0.735798 8.9547
3.23414 5.31078 15.7796
6.22951 5.86291 3.18552
3.69817 2.59465 14.2572
4.03728 1.50425 15.2196
1.1787 5.69952 1.44389
4.83212 2.95184 1.61838
5.12818 4.25824 7.58844
0.920932 0.150616 12.5977
0.403515 5.06097 1.56018
4.42259 0.406293 13.6844
2.79624 2.93944 0.414583
3.84567 2.61253 0.924092
2.74319 1.53325 4.89414
0.0407922 5.42359 5.15713
2.57358 3.01919 2.37095
6.05453 4.35739 9.13059
1.16167 4.17526 5.24343
5.97968 4.17985 4.93803
3.67543 5.23796 12.9799
4.82529 2.23412 6.08171
1.60231 3.51045 9.19803
6.16317 5.68204 15.3719
5.34457 3.64682 12.4832
0.82813 3.48735 10.0375
5.34576 0.775884 3.31993
6.15845 1.41988 5.39041
1.26695 5.23863 14.8881
0.115814 0.539231 10.8763
4.07181 2.48396 14.6676
0.396495 3.1548 7.41491
2.71594 3.79693 15.8592
5.71546 5.94385 6.79384
1.89106 1.43848 10.3085
6.03945 2.25982 8.49505
5.1063 4.78609 14.341
0.173337 1.65219 6.99577
3.66279 0.580986 13.6497
6.00246 3.5134 11.0621
4.26911 0.798544 14.9841
2.3269 4.60818 14.2844
3.71461 1.37646 7.9206
1.55889 4.5287 8.3005
3.6456 2.35631 6.16615
2.65934 4.4908 11.0051
5.39279 2.20733 6.77889
2.63602 0.187137 6.43644
3.5644 5.35478 10.9313
2.87403 1.70776 6.09631
0.452952 1.28725 12.3908
0.857219 0.859882 14.0994
1.04331 2.34461 6.83059
1.29505 2.3285 9.99746
2.99212 5.462 7.46455
